{
  "image_width": 672,
  "image_height": 480,
  "frames": [
    {
      "rotation": [
        0.9962490943050923,
        0.08369501195110675,
        0.02197656595405252,
        -0.08541176503080414,
        0.9918448836337689,
        0.09459622876538287,
        -0.013880105317882236,
        -0.0961184602512307,
        0.9952731557701833
      ],
      "translation": [
        -0.0452199969563993,
        -0.028089077080245772,
        0.0403332572685029
      ],
      "intrinsics": {
        "fx": 578.3818945312499,
        "fy": 578.23921875,
        "cx": 336.980830078125,
        "cy": 215.1156005859375
      }
    },
    {
      "rotation": [
        0.9959712685564792,
        0.08647337896128406,
        0.023740285425877188,
        -0.08837189001235932,
        0.9914334608368452,
        0.09617720891567469,
        -0.015220144101189131,
        -0.09788767534976242,
        0.9950810790558859
      ],
      "translation": [
        -0.04855658315208036,
        -0.029815004806967194,
        0.04184417556837228
      ],
      "intrinsics": {
        "fx": 578.3818945312499,
        "fy": 578.23921875,
        "cx": 336.980830078125,
        "cy": 215.1156005859375
      }
    },
    {
      "rotation": [
        0.9957470831321583,
        0.08865294242957944,
        0.025069252489239878,
        -0.09069693916121743,
        0.9910729352536694,
        0.09771663474098048,
        -0.016182567791284446,
        -0.09957483842069813,
        0.9948984863462454
      ],
      "translation": [
        -0.051930907936524946,
        -0.03152605926776397,
        0.04341704503719179
      ],
      "intrinsics": {
        "fx": 578.3818945312499,
        "fy": 578.23921875,
        "cx": 336.980830078125,
        "cy": 215.1156005859375
      }
    },
    {
      "rotation": [
        0.9954377926871691,
        0.09156770880661959,
        0.02681573869017559,
        -0.09378114095798538,
        0.9907359167698032,
        0.09822086280872809,
        -0.017573429667627774,
        -0.10028757280111705,
        0.9948032087817437
      ],
      "translation": [
        -0.055432924870642525,
        -0.033233085825642994,
        0.04489701695065085
      ],
      "intrinsics": {
        "fx": 578.3818945312499,
        "fy": 578.23921875,
        "cx": 336.980830078125,
        "cy": 215.1156005859375
      }
    },
    {
      "rotation": [
        0.9949372436464142,
        0.0962306310624634,
        0.028976582369870024,
        -0.09863122351572479,
        0.9903056975644849,
        0.09780808090388127,
        -0.019283530863896312,
        -0.10017090814933474,
        0.9947833781502191
      ],
      "translation": [
        -0.05899697163097824,
        -0.0349583205121492,
        0.04622275116634467
      ],
      "intrinsics": {
        "fx": 578.3818945312499,
        "fy": 578.23921875,
        "cx": 336.980830078125,
        "cy": 215.1156005859375
      }
    },
    {
      "rotation": [
        0.9943844139854671,
        0.10114141725457959,
        0.031145343625339363,
        -0.10373396785979493,
        0.9897981240631445,
        0.09766743365706525,
        -0.020949360761509345,
        -0.10034984813892898,
        0.9947316267828233
      ],
      "translation": [
        -0.062480039219494,
        -0.036637294104350904,
        0.04750536601867639
      ],
      "intrinsics": {
        "fx": 578.3818945312499,
        "fy": 578.23921875,
        "cx": 336.980830078125,
        "cy": 215.1156005859375
      }
    },
    {
      "rotation": [
        0.9939471331196621,
        0.10477959866244883,
        0.03302032921107191,
        -0.10754984406316526,
        0.9893651460490192,
        0.0979263703742733,
        -0.02240845086997262,
        -0.10088499159979585,
        0.9946457009516194
      ],
      "translation": [
        -0.06582897367761024,
        -0.0382401075000155,
        0.048916373394901846
      ],
      "intrinsics": {
        "fx": 578.3818945312499,
        "fy": 578.23921875,
        "cx": 336.980830078125,
        "cy": 215.1156005859375
      }
    },
    {
      "rotation": [
        0.9935042411633892,
        0.10829163236638854,
        0.034960977287501575,
        -0.11124701998629641,
        0.9889353862888398,
        0.09813722262612147,
        -0.023946684698842678,
        -0.10138904084740807,
        0.9945585864561993
      ],
      "translation": [
        -0.06904791476962274,
        -0.03979978262953132,
        0.050530176199740096
      ],
      "intrinsics": {
        "fx": 578.3818945312499,
        "fy": 578.23921875,
        "cx": 336.980830078125,
        "cy": 215.1156005859375
      }
    },
    {
      "rotation": [
        0.9929269236968854,
        0.11285285655588723,
        0.036883479100387674,
        -0.11600114567871214,
        0.9883169759785135,
        0.098859815599638,
        -0.0252959144848221,
        -0.10243913400138133,
        0.9944175637858003
      ],
      "translation": [
        -0.07226027489519599,
        -0.04125706948178254,
        0.052278582214984715
      ],
      "intrinsics": {
        "fx": 578.3818945312499,
        "fy": 578.23921875,
        "cx": 336.980830078125,
        "cy": 215.1156005859375
      }
    },
    {
      "rotation": [
        0.9922192147691853,
        0.11841145234337178,
        0.03846780661195007,
        -0.12173540741691756,
        0.9874789888509281,
        0.1003279076345798,
        -0.026106172521190164,
        -0.1042301725232134,
        0.9942104705488766
      ],
      "translation": [
        -0.07550774863422936,
        -0.04253218350008048,
        0.0540072929346751
      ],
      "intrinsics": {
        "fx": 578.3818945312499,
        "fy": 578.23921875,
        "cx": 336.980830078125,
        "cy": 215.1156005859375
      }
    },
    {
      "rotation": [
        0.9914437847762003,
        0.12446816802257792,
        0.039331400385445,
        -0.12789142995792407,
        0.9865529153214562,
        0.10176950694631055,
        -0.02613541143230712,
        -0.10592889328092048,
        0.99403016581563
      ],
      "translation": [
        -0.07868151639976903,
        -0.04367145658202931,
        0.05556881699935756
      ],
      "intrinsics": {
        "fx": 578.3818945312499,
        "fy": 578.23921875,
        "cx": 336.980830078125,
        "cy": 215.1156005859375
      }
    },
    {
      "rotation": [
        0.9906801063782522,
        0.13024200970378627,
        0.03987446863775812,
        -0.1337339445015805,
        0.9856205268681163,
        0.10328257988623663,
        -0.025849392152413084,
        -0.10765250417000335,
        0.99385245660149
      ],
      "translation": [
        -0.0816088261198692,
        -0.04469596665764208,
        0.05686217177875075
      ],
      "intrinsics": {
        "fx": 578.3818945312499,
        "fy": 578.23921875,
        "cx": 336.980830078125,
        "cy": 215.1156005859375
      }
    },
    {
      "rotation": [
        0.9899560527258717,
        0.13559265789813973,
        0.0400215642420493,
        -0.1390922359343794,
        0.9847995302120952,
        0.10403454775532062,
        -0.025306863233972104,
        -0.1085563576508406,
        0.9937680882017603
      ],
      "translation": [
        -0.084192084778763,
        -0.045700169117604106,
        0.05791797472739013
      ],
      "intrinsics": {
        "fx": 578.3818945312499,
        "fy": 578.23921875,
        "cx": 336.980830078125,
        "cy": 215.1156005859375
      }
    },
    {
      "rotation": [
        0.989414835824231,
        0.13961816568079852,
        0.03956199236772242,
        -0.14303770147738598,
        0.9842731116312133,
        0.10366580542237522,
        -0.024466129117919858,
        -0.10822735762945261,
        0.9938250470185309
      ],
      "translation": [
        -0.08636824500761787,
        -0.04672752432080007,
        0.05881407398917382
      ],
      "intrinsics": {
        "fx": 578.3818945312499,
        "fy": 578.23921875,
        "cx": 336.980830078125,
        "cy": 215.1156005859375
      }
    },
    {
      "rotation": [
        0.9891084210787607,
        0.1420139797962488,
        0.03868482051778454,
        -0.1453238778688085,
        0.9839479398251869,
        0.10357313270738416,
        -0.023354998721698064,
        -0.10806690237678532,
        0.9938692596080866
      ],
      "translation": [
        -0.0880295046501463,
        -0.04768576786751044,
        0.05956827985745905
      ],
      "intrinsics": {
        "fx": 578.3818945312499,
        "fy": 578.23921875,
        "cx": 336.980830078125,
        "cy": 215.1156005859375
      }
    },
    {
      "rotation": [
        0.9889938213922417,
        0.14296819767248314,
        0.038095312104270765,
        -0.1462190798444123,
        0.9837703526046784,
        0.10399935108225047,
        -0.022608403576122392,
        -0.10842498451483426,
        0.9938474869657941
      ],
      "translation": [
        -0.08911027141212337,
        -0.048579658232273726,
        0.0602039750980039
      ],
      "intrinsics": {
        "fx": 578.3818945312499,
        "fy": 578.23921875,
        "cx": 336.980830078125,
        "cy": 215.1156005859375
      }
    },
    {
      "rotation": [
        0.9890769768533602,
        0.14232014881705427,
        0.038362127282334686,
        -0.14561242270495015,
        0.9838188046450583,
        0.10439093657652894,
        -0.022884435863972916,
        -0.10883664367184813,
        0.993796226727162
      ],
      "translation": [
        -0.08964507666132425,
        -0.049444756076500895,
        0.06073336645021654
      ],
      "intrinsics": {
        "fx": 578.3818945312499,
        "fy": 578.23921875,
        "cx": 336.980830078125,
        "cy": 215.1156005859375
      }
    },
    {
      "rotation": [
        0.9892404493395078,
        0.1410119252911913,
        0.038975780231236636,
        -0.14436150637376666,
        0.9840764563413528,
        0.10369761556000848,
        -0.023732520887818936,
        -0.10820851350264324,
        0.9938449130837606
      ],
      "translation": [
        -0.08975866252974386,
        -0.05034826824545224,
        0.06113117043443572
      ],
      "intrinsics": {
        "fx": 578.3818945312499,
        "fy": 578.23921875,
        "cx": 336.980830078125,
        "cy": 215.1156005859375
      }
    },
    {
      "rotation": [
        0.9894519769648806,
        0.13952358352094266,
        0.03896012079433268,
        -0.14284004355465615,
        0.984468054302039,
        0.10207517357769108,
        -0.024113055909770205,
        -0.10656354707658153,
        0.9940134242403188
      ],
      "translation": [
        -0.08961402061215298,
        -0.05127396394872108,
        0.06137338075652754
      ],
      "intrinsics": {
        "fx": 578.3818945312499,
        "fy": 578.23921875,
        "cx": 336.980830078125,
        "cy": 215.1156005859375
      }
    },
    {
      "rotation": [
        0.9897911319314887,
        0.1373209390428698,
        0.03816379790241136,
        -0.14053298792049773,
        0.9849325626699232,
        0.10078747655552935,
        -0.02374851916897612,
        -0.10512179833677876,
        0.994175760793378
      ],
      "translation": [
        -0.08931603924904571,
        -0.05210459347514984,
        0.06145211504711878
      ],
      "intrinsics": {
        "fx": 578.3818945312499,
        "fy": 578.23921875,
        "cx": 336.980830078125,
        "cy": 215.1156005859375
      }
    },
    {
      "rotation": [
        0.9901648116358225,
        0.13501222853745332,
        0.03667912164911756,
        -0.13807053912649586,
        0.9853217089261331,
        0.10038738619439923,
        -0.02258719814405755,
        -0.10446441763373938,
        0.9942720943578102
      ],
      "translation": [
        -0.08890300933939624,
        -0.052796409626321594,
        0.06138146241100406
      ],
      "intrinsics": {
        "fx": 578.3818945312499,
        "fy": 578.23921875,
        "cx": 336.980830078125,
        "cy": 215.1156005859375
      }
    },
    {
      "rotation": [
        0.9904997347540735,
        0.13324167144292035,
        0.034015541955921186,
        -0.1360097779125797,
        0.9857128723216901,
        0.09935537269859185,
        -0.020291265763147385,
        -0.10303794122344209,
        0.9944704170071149
      ],
      "translation": [
        -0.08837434513598989,
        -0.05349430791166243,
        0.06122138394373011
      ],
      "intrinsics": {
        "fx": 578.3818945312499,
        "fy": 578.23921875,
        "cx": 336.980830078125,
        "cy": 215.1156005859375
      }
    },
    {
      "rotation": [
        0.9908328914135726,
        0.13158861960602636,
        0.030571978039853016,
        -0.13397591217400928,
        0.986191390925736,
        0.09734980643004983,
        -0.01733964990753147,
        -0.10055333587723785,
        0.9947805473280417
      ],
      "translation": [
        -0.08764197215585143,
        -0.05422087929759645,
        0.06096348819153774
      ],
      "intrinsics": {
        "fx": 578.3818945312499,
        "fy": 578.23921875,
        "cx": 336.980830078125,
        "cy": 215.1156005859375
      }
    },
    {
      "rotation": [
        0.9912795761274821,
        0.1289312388499632,
        0.027231701445650916,
        -0.130987311999308,
        0.9866508789580176,
        0.09675869526991371,
        -0.014392961149415854,
        -0.09948196096140596,
        0.9949352419691471
      ],
      "translation": [
        -0.08668254577840395,
        -0.0547463677393516,
        0.06058526384572338
      ],
      "intrinsics": {
        "fx": 578.3818945312499,
        "fy": 578.23921875,
        "cx": 336.980830078125,
        "cy": 215.1156005859375
      }
    },
    {
      "rotation": [
        0.9917048257278398,
        0.1261966068014031,
        0.024411896593599693,
        -0.12798019550987383,
        0.9870880566401791,
        0.09632302051918888,
        -0.011941046438215709,
        -0.0986482188505441,
        0.9950507300996514
      ],
      "translation": [
        -0.08554550635116288,
        -0.055162772530334636,
        0.060204348592835855
      ],
      "intrinsics": {
        "fx": 578.3818945312499,
        "fy": 578.23921875,
        "cx": 336.980830078125,
        "cy": 215.1156005859375
      }
    },
    {
      "rotation": [
        0.9920317215930889,
        0.12387873236214436,
        0.022958811358081962,
        -0.1255161958974504,
        0.9875269341450035,
        0.09505876589757437,
        -0.010896710699051614,
        -0.09718300265494914,
        0.9952069004436778
      ],
      "translation": [
        -0.08416923971824651,
        -0.055587573919794186,
        0.05988853375232739
      ],
      "intrinsics": {
        "fx": 578.3818945312499,
        "fy": 578.23921875,
        "cx": 336.980830078125,
        "cy": 215.1156005859375
      }
    },
    {
      "rotation": [
        0.9923777226828732,
        0.12110599651286133,
        0.02280123254407906,
        -0.12273053522458971,
        0.9879645440824452,
        0.09414435893534952,
        -0.011125338034584192,
        -0.09622518504567694,
        0.9952973735354615
      ],
      "translation": [
        -0.08253286351928131,
        -0.055961505812241685,
        0.05959239579888154
      ],
      "intrinsics": {
        "fx": 578.3818945312499,
        "fy": 578.23921875,
        "cx": 336.980830078125,
        "cy": 215.1156005859375
      }
    },
    {
      "rotation": [
        0.992795800031673,
        0.1176376154125981,
        0.022758801773543454,
        -0.11925493862914709,
        0.9885414325393957,
        0.09254255738101201,
        -0.01161151047820986,
        -0.09458999389429691,
        0.995448623542223
      ],
      "translation": [
        -0.08070720421054059,
        -0.05637577819831341,
        0.059318253447322444
      ],
      "intrinsics": {
        "fx": 578.3818945312499,
        "fy": 578.23921875,
        "cx": 336.980830078125,
        "cy": 215.1156005859375
      }
    },
    {
      "rotation": [
        0.993272683882201,
        0.11365333996246402,
        0.02218650559846131,
        -0.11519579206395233,
        0.9893208948919155,
        0.0892973455042658,
        -0.011800595034712907,
        -0.09125241641194828,
        0.9957579062432127
      ],
      "translation": [
        -0.07868013550124288,
        -0.05693650001065542,
        0.0590891611936506
      ],
      "intrinsics": {
        "fx": 578.3818945312499,
        "fy": 578.23921875,
        "cx": 336.980830078125,
        "cy": 215.1156005859375
      }
    },
    {
      "rotation": [
        0.9938346435295048,
        0.10878414963437975,
        0.021417190726439796,
        -0.11024529716369433,
        0.9901169440911665,
        0.08668617160420616,
        -0.011775437564966167,
        -0.08851294343517718,
        0.9960054229077229
      ],
      "translation": [
        -0.07633868497033318,
        -0.05749093346135392,
        0.05890177625366366
      ],
      "intrinsics": {
        "fx": 578.3818945312499,
        "fy": 578.23921875,
        "cx": 336.980830078125,
        "cy": 215.1156005859375
      }
    },
    {
      "rotation": [
        0.9945633641724776,
        0.10200577151885108,
        0.020942113902210437,
        -0.1034488181963444,
        0.9908604414739486,
        0.08656731486768184,
        -0.011920320341290707,
        -0.0882631528045827,
        0.9960258575322793
      ],
      "translation": [
        -0.07362623144438549,
        -0.05786973761366043,
        0.05877935728295891
      ],
      "intrinsics": {
        "fx": 578.3818945312499,
        "fy": 578.23921875,
        "cx": 336.980830078125,
        "cy": 215.1156005859375
      }
    },
    {
      "rotation": [
        0.9954213285973106,
        0.09324272047822224,
        0.021031247089075094,
        -0.09473986506297269,
        0.9916369200557418,
        0.08763875304891162,
        -0.01268366074327787,
        -0.08922995658879562,
        0.9959303252849838
      ],
      "translation": [
        -0.07060500286790523,
        -0.05814862776304375,
        0.05873763194016357
      ],
      "intrinsics": {
        "fx": 578.3818945312499,
        "fy": 578.23921875,
        "cx": 336.980830078125,
        "cy": 215.1156005859375
      }
    },
    {
      "rotation": [
        0.996275798609865,
        0.08352984197402359,
        0.02138168880017704,
        -0.08510703990687127,
        0.9924337343141398,
        0.08849874343437618,
        -0.01382761050987088,
        -0.08998894008205569,
        0.9958467352981554
      ],
      "translation": [
        -0.06734045728612766,
        -0.05839105853806559,
        0.05875190410316211
      ],
      "intrinsics": {
        "fx": 578.3818945312499,
        "fy": 578.23921875,
        "cx": 336.980830078125,
        "cy": 215.1156005859375
      }
    },
    {
      "rotation": [
        0.9970800216804436,
        0.07340345369195682,
        0.021056235705018293,
        -0.0750018039625073,
        0.9931775878632795,
        0.08929136735472706,
        -0.014358270119368204,
        -0.09060990881417984,
        0.9957829156779675
      ],
      "translation": [
        -0.06394890611302362,
        -0.058544353152806594,
        0.05869907883880887
      ],
      "intrinsics": {
        "fx": 578.3818945312499,
        "fy": 578.23921875,
        "cx": 336.980830078125,
        "cy": 215.1156005859375
      }
    },
    {
      "rotation": [
        0.9977932564497006,
        0.06350735858655418,
        0.019374932705273507,
        -0.06499430820113015,
        0.9938694315325921,
        0.08943848645449416,
        -0.01357615296140717,
        -0.09050036743833294,
        0.9958038598959572
      ],
      "translation": [
        -0.06058421873492452,
        -0.058654549555193336,
        0.058458241061502214
      ],
      "intrinsics": {
        "fx": 578.3818945312499,
        "fy": 578.23921875,
        "cx": 336.980830078125,
        "cy": 215.1156005859375
      }
    },
    {
      "rotation": [
        0.9983821553379113,
        0.05429683326968342,
        0.0168801896785744,
        -0.055592990111235176,
        0.9944515896012637,
        0.08930514164730174,
        -0.011937533178413284,
        -0.09009906145663295,
        0.9958612396933815
      ],
      "translation": [
        -0.05723238935381674,
        -0.05872672746104002,
        0.05804710111442879
      ],
      "intrinsics": {
        "fx": 578.3818945312499,
        "fy": 578.23921875,
        "cx": 336.980830078125,
        "cy": 215.1156005859375
      }
    },
    {
      "rotation": [
        0.9988445567046095,
        0.04579067043342715,
        0.014590130200575027,
        -0.04691447053359813,
        0.9948968775087476,
        0.08932620852883583,
        -0.010425317315775316,
        -0.08990752274313009,
        0.9958955207380632
      ],
      "translation": [
        -0.053842590200888954,
        -0.058776998512955925,
        0.057642257670624364
      ],
      "intrinsics": {
        "fx": 578.3818945312499,
        "fy": 578.23921875,
        "cx": 336.980830078125,
        "cy": 215.1156005859375
      }
    },
    {
      "rotation": [
        0.99921471630182,
        0.037374734591978265,
        0.01315414725991404,
        -0.0384004962018548,
        0.9952830165854575,
        0.08909079180153083,
        -0.009762314184485827,
        -0.08952593369718063,
        0.9959366386939531
      ],
      "translation": [
        -0.05047613332246785,
        -0.058829768775678026,
        0.05738279710887584
      ],
      "intrinsics": {
        "fx": 578.3818945312499,
        "fy": 578.23921875,
        "cx": 336.980830078125,
        "cy": 215.1156005859375
      }
    },
    {
      "rotation": [
        0.9994975852593885,
        0.02905609235968971,
        0.012658008875048069,
        -0.030070752323863296,
        0.995564336725248,
        0.08914826883085115,
        -0.010011541112126408,
        -0.08948416090351843,
        0.995937922953281
      ],
      "translation": [
        -0.04724273975454196,
        -0.05879438626930977,
        0.05724081047328822
      ],
      "intrinsics": {
        "fx": 578.3818945312499,
        "fy": 578.23921875,
        "cx": 336.980830078125,
        "cy": 215.1156005859375
      }
    },
    {
      "rotation": [
        0.9996803611358007,
        0.021966879907240434,
        0.012513907482410372,
        -0.02299773080291463,
        0.9957423311458549,
        0.08926465279366282,
        -0.010499742115864073,
        -0.08952393750497273,
        0.9959293023117652
      ],
      "translation": [
        -0.044122562204654235,
        -0.05863967738743914,
        0.05711623135494159
      ],
      "intrinsics": {
        "fx": 578.3818945312499,
        "fy": 578.23921875,
        "cx": 336.980830078125,
        "cy": 215.1156005859375
      }
    },
    {
      "rotation": [
        0.9998087457105846,
        0.015319389542387415,
        0.012157723325522563,
        -0.01635065633051705,
        0.9958228057701284,
        0.0898305379416621,
        -0.01073078721890897,
        -0.09001217480095682,
        0.9958828650703038
      ],
      "translation": [
        -0.040985829247723385,
        -0.058306561164074955,
        0.05690130025843754
      ],
      "intrinsics": {
        "fx": 578.3818945312499,
        "fy": 578.23921875,
        "cx": 336.980830078125,
        "cy": 215.1156005859375
      }
    },
    {
      "rotation": [
        0.9999006766676574,
        0.008093211119515054,
        0.01154066704045199,
        -0.009112952120554267,
        0.9957872627361084,
        0.09123903705962118,
        -0.01075356443196079,
        -0.09133515584329238,
        0.9957621453111805
      ],
      "translation": [
        -0.03777519589758979,
        -0.05777169080960398,
        0.05655684564147179
      ],
      "intrinsics": {
        "fx": 578.3818945312499,
        "fy": 578.23921875,
        "cx": 336.980830078125,
        "cy": 215.1156005859375
      }
    },
    {
      "rotation": [
        0.9999390819283343,
        0.00038850303641607724,
        0.011030331750762883,
        -0.0014089206201335408,
        0.9956973288593044,
        0.09265411222764926,
        -0.010946890356930406,
        -0.09266403597563325,
        0.9956372708724849
      ],
      "translation": [
        -0.03450651005294048,
        -0.05713466765100339,
        0.056105050258031364
      ],
      "intrinsics": {
        "fx": 578.3818945312499,
        "fy": 578.23921875,
        "cx": 336.980830078125,
        "cy": 215.1156005859375
      }
    },
    {
      "rotation": [
        0.999914444670318,
        -0.007928101383744479,
        0.010405728398649573,
        0.006921894763275056,
        0.9956040126173744,
        0.09340625942749652,
        -0.011100481045790322,
        -0.0933262472393089,
        0.995573732975797
      ],
      "translation": [
        -0.03123619429319087,
        -0.056482999992718885,
        0.055621506778277485
      ],
      "intrinsics": {
        "fx": 578.3818945312499,
        "fy": 578.23921875,
        "cx": 336.980830078125,
        "cy": 215.1156005859375
      }
    },
    {
      "rotation": [
        0.9998279366682723,
        -0.016489312438534,
        0.008497682997152183,
        0.015621829153956376,
        0.9954836474677641,
        0.0936390547876484,
        -0.010003345649102534,
        -0.09349020736259915,
        0.9955699409895057
      ],
      "translation": [
        -0.028081834735658763,
        -0.055847720778526955,
        0.05519629798954573
      ],
      "intrinsics": {
        "fx": 578.3818945312499,
        "fy": 578.23921875,
        "cx": 336.980830078125,
        "cy": 215.1156005859375
      }
    },
    {
      "rotation": [
        0.9996882765263263,
        -0.024419605827255976,
        0.005193732240536981,
        0.02382600613647454,
        0.995316005773881,
        0.09369215040156198,
        -0.0074573899713635365,
        -0.09353917803238257,
        0.9955876862557838
      ],
      "translation": [
        -0.025101554018220795,
        -0.05524424103098169,
        0.054850310156330684
      ],
      "intrinsics": {
        "fx": 578.3818945312499,
        "fy": 578.23921875,
        "cx": 336.980830078125,
        "cy": 215.1156005859375
      }
    },
    {
      "rotation": [
        0.9995118174391271,
        -0.031195329302395512,
        0.0017324238919134787,
        0.030896087909686152,
        0.9951247047855357,
        0.09365989827682629,
        -0.004645730244705832,
        -0.09356069862155338,
        0.9956027436805738
      ],
      "translation": [
        -0.02222450285930473,
        -0.05468865160441905,
        0.054574078871669096
      ],
      "intrinsics": {
        "fx": 578.3818945312499,
        "fy": 578.23921875,
        "cx": 336.980830078125,
        "cy": 215.1156005859375
      }
    },
    {
      "rotation": [
        0.9993029041858564,
        -0.0373236054619946,
        -0.0007738374445180568,
        0.03723144550223521,
        0.9948897755569932,
        0.09385162102529318,
        -0.0027329938200931357,
        -0.09381503604217639,
        0.9955858387972625
      ],
      "translation": [
        -0.019386028330162137,
        -0.05415467169522192,
        0.054363684966485026
      ],
      "intrinsics": {
        "fx": 578.3818945312499,
        "fy": 578.23921875,
        "cx": 336.980830078125,
        "cy": 215.1156005859375
      }
    },
    {
      "rotation": [
        0.9990355635550594,
        -0.04385670053073581,
        -0.002128756290117019,
        0.04386156110144969,
        0.994560829623798,
        0.09447129709165246,
        -0.002025999990017279,
        -0.09447356292469757,
        0.995525290357984
      ],
      "translation": [
        -0.01661602593694537,
        -0.053632704787643926,
        0.05424557769824112
      ],
      "intrinsics": {
        "fx": 578.3818945312499,
        "fy": 578.23921875,
        "cx": 336.980830078125,
        "cy": 215.1156005859375
      }
    },
    {
      "rotation": [
        0.9987344839909321,
        -0.05018851540072956,
        -0.003244173523008074,
        0.05026879042704052,
        0.9941571783875314,
        0.09552270427430641,
        -0.0015689195163524393,
        -0.0955649279153879,
        0.9954219392711036
      ],
      "translation": [
        -0.014011132341578313,
        -0.05316676370509543,
        0.05423294389689448
      ],
      "intrinsics": {
        "fx": 578.3818945312499,
        "fy": 578.23921875,
        "cx": 336.980830078125,
        "cy": 215.1156005859375
      }
    },
    {
      "rotation": [
        0.9984859725164524,
        -0.054788184252158534,
        -0.0048824629381572235,
        0.05500358842493665,
        0.9938069458300427,
        0.09655206993669548,
        -0.0004376394599467872,
        -0.09667444565430568,
        0.9953159319375654
      ],
      "translation": [
        -0.011639746384420398,
        -0.05283573289872745,
        0.054270426203975486
      ],
      "intrinsics": {
        "fx": 578.3818945312499,
        "fy": 578.23921875,
        "cx": 336.980830078125,
        "cy": 215.1156005859375
      }
    },
    {
      "rotation": [
        0.9983347816792718,
        -0.05727070372752387,
        -0.006907738185173344,
        0.0576709339090742,
        0.9936157133852684,
        0.096962998309119,
        0.0013105636876591855,
        -0.09719996277698705,
        0.9952639976493901
      ],
      "translation": [
        -0.009481868435322045,
        -0.052700332239459136,
        0.054348960759043274
      ],
      "intrinsics": {
        "fx": 578.3818945312499,
        "fy": 578.23921875,
        "cx": 336.980830078125,
        "cy": 215.1156005859375
      }
    },
    {
      "rotation": [
        0.9982510272426792,
        -0.05852912708983527,
        -0.008311296101213214,
        0.05906003215932486,
        0.993528431230306,
        0.09702151586148283,
        0.0025789519509266507,
        -0.09734273347142351,
        0.9952475416359039
      ],
      "translation": [
        -0.007422066214860336,
        -0.05269719908505299,
        0.0545243489243028
      ],
      "intrinsics": {
        "fx": 578.3818945312499,
        "fy": 578.23921875,
        "cx": 336.980830078125,
        "cy": 215.1156005859375
      }
    },
    {
      "rotation": [
        0.9981871373082314,
        -0.059545340380911305,
        -0.008766005811585926,
        0.06011778014179583,
        0.9933957819201705,
        0.09772740989331344,
        0.0028889578848987334,
        -0.09807727026982924,
        0.9951745824396478
      ],
      "translation": [
        -0.005403225002221896,
        -0.052678226478277135,
        0.054752702278825005
      ],
      "intrinsics": {
        "fx": 578.3818945312499,
        "fy": 578.23921875,
        "cx": 336.980830078125,
        "cy": 215.1156005859375
      }
    },
    {
      "rotation": [
        0.9981294047289143,
        -0.060473668461136464,
        -0.008980518424084927,
        0.061065838857780864,
        0.9932330555125387,
        0.0987878563036131,
        0.002945693336440873,
        -0.09915149415366901,
        0.9950679762913887
      ],
      "translation": [
        -0.0035008723020612045,
        -0.05264587182138991,
        0.054948736395629805
      ],
      "intrinsics": {
        "fx": 578.3818945312499,
        "fy": 578.23921875,
        "cx": 336.980830078125,
        "cy": 215.1156005859375
      }
    },
    {
      "rotation": [
        0.9981046314570515,
        -0.060762552609039906,
        -0.009752439028399,
        0.06143446852674044,
        0.9930849528072664,
        0.10004042797841718,
        0.0036062867779778165,
        -0.1004499669615215,
        0.9949355926376721
      ],
      "translation": [
        -0.001770232458220295,
        -0.05261073218173684,
        0.055125046420227974
      ],
      "intrinsics": {
        "fx": 578.3818945312499,
        "fy": 578.23921875,
        "cx": 336.980830078125,
        "cy": 215.1156005859375
      }
    },
    {
      "rotation": [
        0.9980829268577937,
        -0.060889179010483095,
        -0.011089938375440091,
        0.06170675102277735,
        0.9928195853671528,
        0.10247659610545484,
        0.004770653592675458,
        -0.10296450288729345,
        0.9946735571577909
      ],
      "translation": [
        -0.00017563579025095533,
        -0.05244980533038901,
        0.05527777475039941
      ],
      "intrinsics": {
        "fx": 578.3818945312499,
        "fy": 578.23921875,
        "cx": 336.980830078125,
        "cy": 215.1156005859375
      }
    },
    {
      "rotation": [
        0.9980573325580562,
        -0.061028279219741216,
        -0.012534771188463235,
        0.062007367615306605,
        0.9925734411271099,
        0.10465673477383065,
        0.006054688054565946,
        -0.1052306796189954,
        0.994429414252817
      ],
      "translation": [
        0.0012827826667516102,
        -0.052230800770225794,
        0.05534707064713151
      ],
      "intrinsics": {
        "fx": 578.3818945312499,
        "fy": 578.23921875,
        "cx": 336.980830078125,
        "cy": 215.1156005859375
      }
    },
    {
      "rotation": [
        0.9980733368571573,
        -0.06045405210459867,
        -0.01396731534540667,
        0.061590164163735445,
        0.9925571342742364,
        0.10505698301889115,
        0.0075122772825090426,
        -0.10571485181444339,
        0.9943680903087121
      ],
      "translation": [
        0.0025345817672318225,
        -0.052050097150029284,
        0.055293941861611184
      ],
      "intrinsics": {
        "fx": 578.3818945312499,
        "fy": 578.23921875,
        "cx": 336.980830078125,
        "cy": 215.1156005859375
      }
    },
    {
      "rotation": [
        0.9981390074335067,
        -0.05910806055628446,
        -0.014994894905595331,
        0.06035153417196504,
        0.9927381935988152,
        0.10406058714128533,
        0.008735237654071092,
        -0.1047719460275133,
        0.9944578724085824
      ],
      "translation": [
        0.003522796852415978,
        -0.05186899469762707,
        0.05510022660006064
      ],
      "intrinsics": {
        "fx": 578.3818945312499,
        "fy": 578.23921875,
        "cx": 336.980830078125,
        "cy": 215.1156005859375
      }
    },
    {
      "rotation": [
        0.9982609956590845,
        -0.05696641938418417,
        -0.015158035979384775,
        0.058224874853769114,
        0.993019651705152,
        0.10257653504319376,
        0.00920881811691251,
        -0.1032807625218179,
        0.9946095991155302
      ],
      "translation": [
        0.004226639638900976,
        -0.05163084551169128,
        0.054807845198395544
      ],
      "intrinsics": {
        "fx": 578.3818945312499,
        "fy": 578.23921875,
        "cx": 336.980830078125,
        "cy": 215.1156005859375
      }
    },
    {
      "rotation": [
        0.998429443601691,
        -0.053937258486137986,
        -0.01514849441085771,
        0.05520263856971745,
        0.993277857232334,
        0.10174401166999815,
        0.00955886928815492,
        -0.1024204609958872,
        0.9946952854741226
      ],
      "translation": [
        0.004622760245606391,
        -0.05128109384744994,
        0.05444132513454347
      ],
      "intrinsics": {
        "fx": 578.3818945312499,
        "fy": 578.23921875,
        "cx": 336.980830078125,
        "cy": 215.1156005859375
      }
    },
    {
      "rotation": [
        0.9986339932312981,
        -0.04983681637666302,
        -0.015698976215115002,
        0.05117370686827957,
        0.9935515859185772,
        0.101175259314121,
        0.010555510004449353,
        -0.10184040196659247,
        0.9947447565368681
      ],
      "translation": [
        0.004757119343916686,
        -0.05088056156305476,
        0.05393531377475291
      ],
      "intrinsics": {
        "fx": 578.3818945312499,
        "fy": 578.23921875,
        "cx": 336.980830078125,
        "cy": 215.1156005859375
      }
    },
    {
      "rotation": [
        0.9988184627829643,
        -0.04567107905626754,
        -0.01661213031303243,
        0.04709300483064021,
        0.9939977490916306,
        0.09874563493534123,
        0.012002625753307919,
        -0.09941127530906535,
        0.9949740251554609
      ],
      "translation": [
        0.004685066928406775,
        -0.05059314974704854,
        0.05323655764312396
      ],
      "intrinsics": {
        "fx": 578.3818945312499,
        "fy": 578.23921875,
        "cx": 336.980830078125,
        "cy": 215.1156005859375
      }
    },
    {
      "rotation": [
        0.9989765409291066,
        -0.04175943524399078,
        -0.017377381323039447,
        0.043232938377049196,
        0.9944915143066089,
        0.09548545306353241,
        0.013294209304696191,
        -0.09613898092029621,
        0.9952791295914348
      ],
      "translation": [
        0.00444561820971019,
        -0.0503187142687751,
        0.05231452048176388
      ],
      "intrinsics": {
        "fx": 578.3818945312499,
        "fy": 578.23921875,
        "cx": 336.980830078125,
        "cy": 215.1156005859375
      }
    },
    {
      "rotation": [
        0.9991489707793919,
        -0.03700108433345447,
        -0.018224719962113764,
        0.03853737002204968,
        0.9949419421405512,
        0.0927649566607524,
        0.014700189938325886,
        -0.09338834795260259,
        0.99552121375217
      ],
      "translation": [
        0.004083197382207198,
        -0.049958095661612245,
        0.05122754635519233
      ],
      "intrinsics": {
        "fx": 578.3818945312499,
        "fy": 578.23921875,
        "cx": 336.980830078125,
        "cy": 215.1156005859375
      }
    },
    {
      "rotation": [
        0.9993282415899399,
        -0.03106246198866482,
        -0.019447279834345448,
        0.032679253510442915,
        0.9954740530952777,
        0.08923819730962557,
        0.01658729778424243,
        -0.0898138357535147,
        0.9958204169498617
      ],
      "translation": [
        0.0036174820783874146,
        -0.049662405621463956,
        0.05010238260033195
      ],
      "intrinsics": {
        "fx": 578.3818945312499,
        "fy": 578.23921875,
        "cx": 336.980830078125,
        "cy": 215.1156005859375
      }
    },
    {
      "rotation": [
        0.9994659953956232,
        -0.025065107574077216,
        -0.020961955851918134,
        0.026751315691551703,
        0.9960674870893851,
        0.08446168885615925,
        0.018762494369711745,
        -0.08497731723920253,
        0.9962062117934231
      ],
      "translation": [
        0.0030059169212329467,
        -0.04948054208456487,
        0.04899217329782668
      ],
      "intrinsics": {
        "fx": 578.3818945312499,
        "fy": 578.23921875,
        "cx": 336.980830078125,
        "cy": 215.1156005859375
      }
    },
    {
      "rotation": [
        0.9995353605690476,
        -0.020370815261623827,
        -0.02267356719044169,
        0.02211428930840855,
        0.9965891305413938,
        0.0795055201787901,
        0.02097665690953155,
        -0.0799700080346596,
        0.9965765641524665
      ],
      "translation": [
        0.002215355843141951,
        -0.049311409567011855,
        0.04791023758524959
      ],
      "intrinsics": {
        "fx": 578.3818945312499,
        "fy": 578.23921875,
        "cx": 336.980830078125,
        "cy": 215.1156005859375
      }
    },
    {
