{
  "image_width": 672,
  "image_height": 480,
  "frames": [
    {
      "rotation": [
        0.9695082430514927,
        0.24358033846155427,
        -0.026877858390485856,
        -0.22747568401510693,
        0.9353122893498302,
        0.27100870224386037,
        0.09115157403989989,
        -0.2566311187829159,
        0.9622015868623579
      ],
      "translation": [
        -0.07747140113082124,
        -0.014481915254683342,
        0.08016602450631272
      ],
      "intrinsics": {
        "fx": 578.3818945312499,
        "fy": 578.23921875,
        "cx": 336.980830078125,
        "cy": 215.1156005859375
      }
    },
    {
      "rotation": [
        0.9662365436549981,
        0.2562876338940862,
        -0.026528996742586953,
        -0.24053586583911438,
        0.9341429504575045,
        0.26366530303178126,
        0.0923560230555607,
        -0.24838178281139492,
        0.9642494209512174
      ],
      "translation": [
        -0.08292100608314065,
        -0.016612581947718752,
        0.0802340268101085
      ],
      "intrinsics": {
        "fx": 578.3818945312499,
        "fy": 578.23921875,
        "cx": 336.980830078125,
        "cy": 215.1156005859375
      }
    },
    {
      "rotation": [
        0.9632570968634814,
        0.26712511241171755,
        -0.027930634198352965,
        -0.2515067689905411,
        0.9336161006130757,
        0.2551570726780966,
        0.09423535240796549,
        -0.23875702565077192,
        0.9664961305218918
      ],
      "translation": [
        -0.08791695027221948,
        -0.0191721379274854,
        0.08052174364697984
      ],
      "intrinsics": {
        "fx": 578.3818945312499,
        "fy": 578.23921875,
        "cx": 336.980830078125,
        "cy": 215.1156005859375
      }
    },
    {
      "rotation": [
        0.9606815936923879,
        0.2760765848934601,
        -0.02953988322829777,
        -0.2608221746588211,
        0.9338047818664893,
        0.24490892524914623,
        0.09519808390151796,
        -0.22757480497532193,
        0.9690959891011179
      ],
      "translation": [
        -0.09222892082984481,
        -0.02224444374755108,
        0.08108985769091115
      ],
      "intrinsics": {
        "fx": 578.3818945312499,
        "fy": 578.23921875,
        "cx": 336.980830078125,
        "cy": 215.1156005859375
      }
    },
    {
      "rotation": [
        0.9586728156022203,
        0.2829629342126475,
        -0.029635593620458388,
        -0.26857190902453754,
        0.9344182875665152,
        0.2339477581583909,
        0.09389058107689609,
        -0.21632005980256755,
        0.9717973894796523
      ],
      "translation": [
        -0.09577823825223178,
        -0.025740888161916442,
        0.08198160197714022
      ],
      "intrinsics": {
        "fx": 578.3818945312499,
        "fy": 578.23921875,
        "cx": 336.980830078125,
        "cy": 215.1156005859375
      }
    },
    {
      "rotation": [
        0.9572897941670656,
        0.28776404674270734,
        -0.02807531041723269,
        -0.2745117480909888,
        0.9350788174633444,
        0.22421152101769465,
        0.09077266385733589,
        -0.20692834111856567,
        0.9741360155613249
      ],
      "translation": [
        -0.09852544989295314,
        -0.02939671363159202,
        0.08337025503946283
      ],
      "intrinsics": {
        "fx": 578.3818945312499,
        "fy": 578.23921875,
        "cx": 336.980830078125,
        "cy": 215.1156005859375
      }
    },
    {
      "rotation": [
        0.9562686194120191,
        0.29134528929750964,
        -0.02585093375629485,
        -0.2791148995231248,
        0.9353900541760889,
        0.21711796748833073,
        0.08743700384418411,
        -0.2004076899006565,
        0.9758029921035015
      ],
      "translation": [
        -0.10041042675941855,
        -0.033033443294196885,
        0.08533404237617814
      ],
      "intrinsics": {
        "fx": 578.3818945312499,
        "fy": 578.23921875,
        "cx": 336.980830078125,
        "cy": 215.1156005859375
      }
    },
    {
      "rotation": [
        0.9555483848089129,
        0.2937971757635244,
        -0.024707857655654766,
        -0.282170285507033,
        0.935584969152675,
        0.21227502634779558,
        0.08548207186541278,
        -0.19586720963883986,
        0.976897565127889
      ],
      "translation": [
        -0.10145848403628277,
        -0.03662626738542063,
        0.08784222133093689
      ],
      "intrinsics": {
        "fx": 578.3818945312499,
        "fy": 578.23921875,
        "cx": 336.980830078125,
        "cy": 215.1156005859375
      }
    },
    {
      "rotation": [
        0.9553400530817324,
        0.2944019985396182,
        -0.025553082818226266,
        -0.28287295332423446,
        0.9360799596079038,
        0.20913421571086205,
        0.08548926189747938,
        -0.19256593953580814,
        0.9775530395301464
      ],
      "translation": [
        -0.10180448260344717,
        -0.040095549518286755,
        0.09069135576922194
      ],
      "intrinsics": {
        "fx": 578.3818945312499,
        "fy": 578.23921875,
        "cx": 336.980830078125,
        "cy": 215.1156005859375
      }
    },
    {
      "rotation": [
        0.955598781099422,
        0.2934211861271706,
        -0.027112571584035083,
        -0.2817841205513066,
        0.93684326508718,
        0.20717714642734653,
        0.0861904201194159,
        -0.19033830892495615,
        0.9779276651348511
      ],
      "translation": [
        -0.10153672249078738,
        -0.04342934278059374,
        0.09361409526639441
      ],
      "intrinsics": {
        "fx": 578.3818945312499,
        "fy": 578.23921875,
        "cx": 336.980830078125,
        "cy": 215.1156005859375
      }
    },
    {
      "rotation": [
        0.955989270417004,
        0.2921169475528993,
        -0.0274272414118212,
        -0.28051114745206795,
        0.9373898558849671,
        0.20643073164490203,
        0.08601193803318143,
        -0.1896519048766787,
        0.9780767312523687
      ],
      "translation": [
        -0.10069057126339467,
        -0.046685712686673986,
        0.09653359700791109
      ],
      "intrinsics": {
        "fx": 578.3818945312499,
        "fy": 578.23921875,
        "cx": 336.980830078125,
        "cy": 215.1156005859375
      }
    },
    {
      "rotation": [
        0.956759807130776,
        0.28968577837343257,
        -0.026323559187438027,
        -0.2782451697487497,
        0.9378295746633796,
        0.207497515933042,
        0.08479612453866231,
        -0.19120086373051184,
        0.9778813020339523
      ],
      "translation": [
        -0.09939266536333308,
        -0.049834290647107427,
        0.09971853575371559
      ],
      "intrinsics": {
        "fx": 578.3818945312499,
        "fy": 578.23921875,
        "cx": 336.980830078125,
        "cy": 215.1156005859375
      }
    },
    {
      "rotation": [
        0.9583569703883283,
        0.2845396532556679,
        -0.024272627772451504,
        -0.27332902950019633,
        0.938569038134219,
        0.2106639458524652,
        0.08272380027969382,
        -0.19525680237056153,
        0.9772571531276933
      ],
      "translation": [
        -0.09770686061683478,
        -0.052760243951971764,
        0.10346715932740791
      ],
      "intrinsics": {
        "fx": 578.3818945312499,
        "fy": 578.23921875,
        "cx": 336.980830078125,
        "cy": 215.1156005859375
      }
    },
    {
      "rotation": [
        0.9607379013301305,
        0.2766207196456857,
        -0.021533666698226487,
        -0.26572955690431777,
        0.9396784294981522,
        0.21538854418880665,
        0.07981566188699749,
        -0.20120980178226383,
        0.9762910208732484
      ],
      "translation": [
        -0.09554337241957712,
        -0.05532217976743736,
        0.10755198999622784
      ],
      "intrinsics": {
        "fx": 578.3818945312499,
        "fy": 578.23921875,
        "cx": 336.980830078125,
        "cy": 215.1156005859375
      }
    },
    {
      "rotation": [
        0.9635767921980598,
        0.26681064850493597,
        -0.01821727648855519,
        -0.2564396901493295,
        0.9411540165654977,
        0.2201540513721737,
        0.07588469230373988,
        -0.2074636946986972,
        0.9752949813707372
      ],
      "translation": [
        -0.09286385461544451,
        -0.05745724501962057,
        0.1112653102209864
      ],
      "intrinsics": {
        "fx": 578.3818945312499,
        "fy": 578.23921875,
        "cx": 336.980830078125,
        "cy": 215.1156005859375
      }
    },
    {
      "rotation": [
        0.9665874854267884,
        0.2559166334047173,
        -0.01468021373417971,
        -0.2461939546771508,
        0.9427661643439368,
        0.22490093150432366,
        0.07139592316295004,
        -0.21377214902106792,
        0.9742710142753683
      ],
      "translation": [
        -0.0898277919918125,
        -0.059044392248206234,
        0.11405511612342645
      ],
      "intrinsics": {
        "fx": 578.3818945312499,
        "fy": 578.23921875,
        "cx": 336.980830078125,
        "cy": 215.1156005859375
      }
    },
    {
      "rotation": [
        0.9695000663769536,
        0.24484076079647982,
        -0.011071681792054724,
        -0.23579915022421757,
        0.9441129007871759,
        0.23032484107512977,
        0.06684584520693666,
        -0.22068926128468921,
        0.9730507502916511
      ],
      "translation": [
        -0.08669442112837063,
        -0.05999582700855133,
        0.11586168544582431
      ],
      "intrinsics": {
        "fx": 578.3818945312499,
        "fy": 578.23921875,
        "cx": 336.980830078125,
        "cy": 215.1156005859375
      }
    },
    {
      "rotation": [
        0.9719094703440121,
        0.235216028535913,
        -0.008093108765501645,
        -0.22679441788059365,
        0.9451933757830128,
        0.23489078168560254,
        0.06289965459943332,
        -0.22645711842400443,
        0.9719880799997868
      ],
      "translation": [
        -0.0837136551869149,
        -0.06050097162996282,
        0.11691129093639119
      ],
      "intrinsics": {
        "fx": 578.3818945312499,
        "fy": 578.23921875,
        "cx": 336.980830078125,
        "cy": 215.1156005859375
      }
    },
    {
      "rotation": [
        0.9736167242933141,
        0.22808581068301895,
        -0.006886775972014538,
        -0.2199823826384507,
        0.9461919784694831,
        0.23733621878885428,
        0.060649214336392,
        -0.22955948854949584,
        0.9714032085919434
      ],
      "translation": [
        -0.08097343202092004,
        -0.06077420868823091,
        0.11742637866764505
      ],
      "intrinsics": {
        "fx": 578.3818945312499,
        "fy": 578.23921875,
        "cx": 336.980830078125,
        "cy": 215.1156005859375
      }
    },
    {
      "rotation": [
        0.9748126287567931,
        0.22289919422308835,
        -0.007503577285850636,
        -0.21468422105798562,
        0.946938162834874,
        0.23920437436367656,
        0.060423901009494366,
        -0.2315684696099892,
        0.9709402756609663
      ],
      "translation": [
        -0.07840736099465268,
        -0.06070088033829868,
        0.11755760048825326
      ],
      "intrinsics": {
        "fx": 578.3818945312499,
        "fy": 578.23921875,
        "cx": 336.980830078125,
        "cy": 215.1156005859375
      }
    },
    {
      "rotation": [
        0.9756820600743191,
        0.2190205998730659,
        -0.00862773046635949,
        -0.21040786316790802,
        0.9468927093502415,
        0.24315160434291783,
        0.06142475174212331,
        -0.2354233604699795,
        0.9699499300210161
      ],
      "translation": [
        -0.0759114083097816,
        -0.059967415279885805,
        0.11735753813208816
      ],
      "intrinsics": {
        "fx": 578.3818945312499,
        "fy": 578.23921875,
        "cx": 336.980830078125,
        "cy": 215.1156005859375
      }
    },
    {
      "rotation": [
        0.9763389613897924,
        0.21605144129052195,
        -0.009168520158236411,
        -0.2069886387477979,
        0.9459751170791579,
        0.24957300221366843,
        0.06259380496980427,
        -0.24177002711064446,
        0.9683125694205308
      ],
      "translation": [
        -0.07341497270883285,
        -0.05843731394895013,
        0.11671248937440915
      ],
      "intrinsics": {
        "fx": 578.3818945312499,
        "fy": 578.23921875,
        "cx": 336.980830078125,
        "cy": 215.1156005859375
      }
    },
    {
      "rotation": [
        0.9769469701964196,
        0.21326658354050762,
        -0.009596942258506446,
        -0.2037482319083585,
        0.9448780417613185,
        0.2563046207631063,
        0.06372918718209604,
        -0.24844060328274445,
        0.9665484427339253
      ],
      "translation": [
        -0.07092715684484759,
        -0.056186203244796395,
        0.11549640664552308
      ],
      "intrinsics": {
        "fx": 578.3818945312499,
        "fy": 578.23921875,
        "cx": 336.980830078125,
        "cy": 215.1156005859375
      }
    },
    {
      "rotation": [
        0.9776263767073273,
        0.21007502471522033,
        -0.010735969153461188,
        -0.19997341891787573,
        0.9440240234464582,
        0.2623531321917609,
        0.06524884292859862,
        -0.25433635172078956,
        0.9649122379661682
      ],
      "translation": [
        -0.06848275317750407,
        -0.05324716483691494,
        0.1136610786332839
      ],
      "intrinsics": {
        "fx": 578.3818945312499,
        "fy": 578.23921875,
        "cx": 336.980830078125,
        "cy": 215.1156005859375
      }
    },
    {
      "rotation": [
        0.9782741318233777,
        0.20692404562252606,
        -0.012738404576269766,
        -0.1960448700120109,
        0.9433252024835902,
        0.26777608150941234,
        0.06742573031521683,
        -0.2594610685333499,
        0.9633970139966587
      ],
      "translation": [
        -0.06601209854321897,
        -0.04971692212709389,
        0.11130304616814901
      ],
      "intrinsics": {
        "fx": 578.3818945312499,
        "fy": 578.23921875,
        "cx": 336.980830078125,
        "cy": 215.1156005859375
      }
    },
    {
      "rotation": [
        0.9788125666488088,
        0.20420047565296917,
        -0.015108182733932782,
        -0.19242520609698852,
        0.9425686166028876,
        0.273014599143999,
        0.06999021197816827,
        -0.26432290537527015,
        0.9618912412789422
      ],
      "translation": [
        -0.06333053877794109,
        -0.04571256805258139,
        0.1085641767617338
      ],
      "intrinsics": {
        "fx": 578.3818945312499,
        "fy": 578.23921875,
        "cx": 336.980830078125,
        "cy": 215.1156005859375
      }
    },
    {
      "rotation": [
        0.9796289670465269,
        0.20003797127092363,
        -0.017662560926257075,
        -0.18739270295915547,
        0.9422201133226574,
        0.27767836691230274,
        0.07218824680917385,
        -0.2687119094877515,
        0.9605117714630294
      ],
      "translation": [
        -0.06039777765022554,
        -0.04133746625824397,
        0.10551209190443167
      ],
      "intrinsics": {
        "fx": 578.3818945312499,
        "fy": 578.23921875,
        "cx": 336.980830078125,
        "cy": 215.1156005859375
      }
    },
    {
      "rotation": [
        0.9808674206651922,
        0.19366221002567469,
        -0.01985052625432466,
        -0.18034178760369401,
        0.9423083218212708,
        0.2820139708718693,
        0.07332072288196416,
        -0.2730384244640585,
        0.9592049308030824
      ],
      "translation": [
        -0.05733913038574715,
        -0.03667578220963996,
        0.10213360285947504
      ],
      "intrinsics": {
        "fx": 578.3818945312499,
        "fy": 578.23921875,
        "cx": 336.980830078125,
        "cy": 215.1156005859375
      }
    },
    {
      "rotation": [
        0.982368884604237,
        0.18572775044550136,
        -0.021370848501833174,
        -0.17200294062286073,
        0.9426784260967053,
        0.2859587230648335,
        0.07325632171782005,
        -0.27724105831908696,
        0.9580036209117441
      ],
      "translation": [
        -0.054252710304024496,
        -0.03189822217807581,
        0.09855169995037794
      ],
      "intrinsics": {
        "fx": 578.3818945312499,
        "fy": 578.23921875,
        "cx": 336.980830078125,
        "cy": 215.1156005859375
      }
    },
    {
      "rotation": [
        0.9840942475692203,
        0.17623598511216332,
        -0.022348308770365283,
        -0.16247525896904394,
        0.943767437420115,
        0.28793209719462937,
        0.07183560107833602,
        -0.2797212317119711,
        0.9573900654733922
      ],
      "translation": [
        -0.051156054997171484,
        -0.027274732947542568,
        0.09493392111496735
      ],
      "intrinsics": {
        "fx": 578.3818945312499,
        "fy": 578.23921875,
        "cx": 336.980830078125,
        "cy": 215.1156005859375
      }
    },
    {
      "rotation": [
        0.9860149624245726,
        0.16511780287914513,
        -0.02259951882323443,
        -0.15176155388150794,
        0.9456298681389578,
        0.2876673680590493,
        0.06886981671188176,
        -0.28021456644151266,
        0.9574637463250578
      ],
      "translation": [
        -0.048016039998620676,
        -0.022934881379526817,
        0.09115211001598045
      ],
      "intrinsics": {
        "fx": 578.3818945312499,
        "fy": 578.23921875,
        "cx": 336.980830078125,
        "cy": 215.1156005859375
      }
    },
    {
      "rotation": [
        0.9880603395602909,
        0.1525247454606427,
        -0.021748944090224685,
        -0.14007840781536054,
        0.9481247785208006,
        0.28537237174364566,
        0.06414707012703214,
        -0.27891850477452085,
        0.958169953970268
      ],
      "translation": [
        -0.04486960533077086,
        -0.018921406035746546,
        0.08703408087692632
      ],
      "intrinsics": {
        "fx": 578.3818945312499,
        "fy": 578.23921875,
        "cx": 336.980830078125,
        "cy": 215.1156005859375
      }
    },
    {
      "rotation": [
        0.9900274183268861,
        0.13958893034147093,
        -0.018995302989473165,
        -0.12875130662868556,
        0.9512841732575705,
        0.2801455636793321,
        0.057175121232263135,
        -0.2749061105561919,
        0.959769611571556
      ],
      "translation": [
        -0.04164294631089016,
        -0.015360886943793783,
        0.08266119486648038
      ],
      "intrinsics": {
        "fx": 578.3818945312499,
        "fy": 578.23921875,
        "cx": 336.980830078125,
        "cy": 215.1156005859375
      }
    },
    {
      "rotation": [
        0.9920555994275068,
        0.12507124890375834,
        -0.013521373919127364,
        -0.11669793181935709,
        0.9550861669321178,
        0.27238206587187275,
        0.0469812533919985,
        -0.2686403145573239,
        0.9620941273840915
      ],
      "translation": [
        -0.03809768733956138,
        -0.012264965048999987,
        0.07814614524849217
      ],
      "intrinsics": {
        "fx": 578.3818945312499,
        "fy": 578.23921875,
        "cx": 336.980830078125,
        "cy": 215.1156005859375
      }
    },
    {
      "rotation": [
        0.9941272122393541,
        0.10805599633305939,
        -0.005927665756545233,
        -0.10268048916505665,
        0.9591355648953017,
        0.2636582385376258,
        0.03417532196410843,
        -0.2615011385743917,
        0.9645979682036149
      ],
      "translation": [
        -0.03404849948230093,
        -0.009501363979870447,
        0.07359732198786317
      ],
      "intrinsics": {
        "fx": 578.3818945312499,
        "fy": 578.23921875,
        "cx": 336.980830078125,
        "cy": 215.1156005859375
      }
    },
    {
      "rotation": [
        0.9960033932369112,
        0.08929502827858117,
        0.0019255454245361244,
        -0.0868449445028183,
        0.9631888065496805,
        0.25441161245565935,
        0.020863009993826523,
        -0.25356203048615134,
        0.9670941755731859
      ],
      "translation": [
        -0.029459004654380484,
        -0.007051142444815084,
        0.06916530663654585
      ],
      "intrinsics": {
        "fx": 578.3818945312499,
        "fy": 578.23921875,
        "cx": 336.980830078125,
        "cy": 215.1156005859375
      }
    },
    {
      "rotation": [
        0.9975616890854982,
        0.06918136548029291,
        0.009201352201604406,
        -0.06932903420199042,
        0.967175947085452,
        0.2444668579922423,
        0.00801320926350839,
        -0.2445085720409296,
        0.9696140079441163
      ],
      "translation": [
        -0.024321704535677877,
        -0.004978396559146114,
        0.06490682872775633
      ],
      "intrinsics": {
        "fx": 578.3818945312499,
        "fy": 578.23921875,
        "cx": 336.980830078125,
        "cy": 215.1156005859375
      }
    },
    {
      "rotation": [
        0.9986991048742969,
        0.04830262299236097,
        0.016337858660522068,
        -0.05078860429314592,
        0.9708062067661483,
        0.23442667569813333,
        -0.0045374982167527425,
        -0.23495152462772503,
        0.9719964686268364
      ],
      "translation": [
        -0.01869199388681597,
        -0.003226181417770091,
        0.06076491162602182
      ],
      "intrinsics": {
        "fx": 578.3818945312499,
        "fy": 578.23921875,
        "cx": 336.980830078125,
        "cy": 215.1156005859375
      }
    },
    {
      "rotation": [
        0.9993780087879673,
        0.026829185899276006,
        0.022890276498661037,
        -0.03131287391481838,
        0.9736422415371344,
        0.225920837977507,
        -0.016225631325994534,
        -0.22649707656564838,
        0.9738767011264524
      ],
      "translation": [
        -0.01287515904382681,
        -0.0015783356619371025,
        0.056764722639770504
      ],
      "intrinsics": {
        "fx": 578.3818945312499,
        "fy": 578.23921875,
        "cx": 336.980830078125,
        "cy": 215.1156005859375
      }
    },
    {
      "rotation": [
        0.9996034960434083,
        0.006331250547957991,
        0.02743722705146209,
        -0.012192769346945445,
        0.9756302401231076,
        0.2190821851346982,
        -0.02538147895505492,
        -0.21932981656077255,
        0.9753205934985552
      ],
      "translation": [
        -0.00732668620867212,
        -1.5168882956606566e-05,
        0.05319369914597405
      ],
      "intrinsics": {
        "fx": 578.3818945312499,
        "fy": 578.23921875,
        "cx": 336.980830078125,
        "cy": 215.1156005859375
      }
    },
    {
      "rotation": [
        0.9995123201570207,
        -0.011330846055309277,
        0.02909966000086356,
        0.0048808527819505084,
        0.977081440995349,
        0.2128098645561495,
        -0.03084406730899634,
        -0.21256400153349278,
        0.9766602211494086
      ],
      "translation": [
        -0.0024148268935893988,
        0.0013172756996112645,
        0.05036853345516601
      ],
      "intrinsics": {
        "fx": 578.3818945312499,
        "fy": 578.23921875,
        "cx": 336.980830078125,
        "cy": 215.1156005859375
      }
    },
    {
      "rotation": [
        0.9993214026484217,
        -0.024452864635675926,
        0.027547283753375347,
        0.018188453549031827,
        0.9779079309422475,
        0.20824342078773359,
        -0.032030857606447624,
        -0.20760103344355416,
        0.9776890496680384
      ],
      "translation": [
        0.0015658922852318166,
        0.0024768448307616042,
        0.048370265034378024
      ],
      "intrinsics": {
        "fx": 578.3818945312499,
        "fy": 578.23921875,
        "cx": 336.980830078125,
        "cy": 215.1156005859375
      }
    },
    {
      "rotation": [
        0.999202605220656,
        -0.03226741606519288,
        0.023515874121015735,
        0.02671497843778642,
        0.978008980065078,
        0.20684457278336627,
        -0.029673093880395116,
        -0.20605137095822904,
        0.9780911691145597
      ],
      "translation": [
        0.00449830815572097,
        0.003550413751975179,
        0.04711941615678272
      ],
      "intrinsics": {
        "fx": 578.3818945312499,
        "fy": 578.23921875,
        "cx": 336.980830078125,
        "cy": 215.1156005859375
      }
    },
    {
      "rotation": [
        0.9991939757646574,
        -0.03546132521862641,
        0.0188165026032414,
        0.030784296565658547,
        0.9776826776797772,
        0.20781945926283646,
        -0.025766137664299228,
        -0.20707263158247477,
        0.9779862455969478
      ],
      "translation": [
        0.0065552331364043676,
        0.0044641987809416195,
        0.046552253485537376
      ],
      "intrinsics": {
        "fx": 578.3818945312499,
        "fy": 578.23921875,
        "cx": 336.980830078125,
        "cy": 215.1156005859375
      }
    },
    {
      "rotation": [
        0.9992846586044989,
        -0.03489650577158495,
        0.014574347346324418,
        0.031061941235412425,
        0.9771998862402594,
        0.21003684315365972,
        -0.021571611110201276,
        -0.209433872396706,
        0.9775847982052495
      ],
      "translation": [
        0.007919706420897968,
        0.005142915131583603,
        0.04665614743027424
      ],
      "intrinsics": {
        "fx": 578.3818945312499,
        "fy": 578.23921875,
        "cx": 336.980830078125,
        "cy": 215.1156005859375
      }
    },
    {
      "rotation": [
        0.9994469999181481,
        -0.031410511058697146,
        0.010915915133600598,
        0.02835339601970196,
        0.9764686958960731,
        0.21378718197045515,
        -0.01737418012235751,
        -0.21335944104402935,
        0.976819271120561
      ],
      "translation": [
        0.00865782320767633,
        0.005624620097861688,
        0.047340351626810495
      ],
      "intrinsics": {
        "fx": 578.3818945312499,
        "fy": 578.23921875,
        "cx": 336.980830078125,
        "cy": 215.1156005859375
      }
    },
    {
      "rotation": [
        0.9996285774150243,
        -0.026139990522012747,
        0.007708077395888099,
        0.023819495457340314,
        0.9754481692651127,
        0.21893715617033382,
        -0.013241820351314191,
        -0.21867223129818406,
        0.9757085449767219
      ],
      "translation": [
        0.008830995374132823,
        0.005918722854159286,
        0.04834612236769176
      ],
      "intrinsics": {
        "fx": 578.3818945312499,
        "fy": 578.23921875,
        "cx": 336.980830078125,
        "cy": 215.1156005859375
      }
    },
    {
      "rotation": [
        0.9998020055823,
        -0.019254871431253793,
        0.005031925581430095,
        0.01764635452093968,
        0.9746114268064427,
        0.22320647944613642,
        -0.009201975663443425,
        -0.22307341892185462,
        0.9747582462123069
      ],
      "translation": [
        0.008551110000438615,
        0.005866568986127252,
        0.04943070741300559
      ],
      "intrinsics": {
        "fx": 578.3818945312499,
        "fy": 578.23921875,
        "cx": 336.980830078125,
        "cy": 215.1156005859375
      }
    },
    {
      "rotation": [
        0.99993408906397,
        -0.011174463897544623,
        0.0026685732245064976,
        0.010285415493589167,
        0.9742088181443024,
        0.22541370201230157,
        -0.005118632929840051,
        -0.22537136213444384,
        0.9742595110429303
      ],
      "translation": [
        0.007900725064463383,
        0.005435543112211061,
        0.050449982414487504
      ],
      "intrinsics": {
        "fx": 578.3818945312499,
        "fy": 578.23921875,
        "cx": 336.980830078125,
        "cy": 215.1156005859375
      }
    },
    {
      "rotation": [
        0.9999979404803269,
        -0.002036405854301506,
        -0.00022776698937008847,
        0.002035072018566014,
        0.9740133556782062,
        0.22648131170746727,
        -0.000239365583457842,
        -0.22648124522062557,
        0.9740154972975782
      ],
      "translation": [
        0.007012876173728977,
        0.004711484011369449,
        0.05124834463377392
      ],
      "intrinsics": {
        "fx": 578.3818945312499,
        "fy": 578.23921875,
        "cx": 336.980830078125,
        "cy": 215.1156005859375
      }
    },
    {
      "rotation": [
        0.9999556111537129,
        0.00793742320958519,
        -0.005091227932451563,
        -0.006582684124288661,
        0.974142827722375,
        0.22583696632451108,
        0.006752147597997053,
        -0.22579334733699702,
        0.974151789221868
      ],
      "translation": [
        0.006050381214966802,
        0.0036453572134471646,
        0.05177993401383896
      ],
      "intrinsics": {
        "fx": 578.3818945312499,
        "fy": 578.23921875,
        "cx": 336.980830078125,
        "cy": 215.1156005859375
      }
    },
    {
      "rotation": [
        0.9997730845633077,
        0.01788020573490102,
        -0.011581259383951777,
        -0.014836559471543671,
        0.974528302099016,
        0.22377304359960684,
        0.015287362586927908,
        -0.22355036307671974,
        0.9745725307764339
      ],
      "translation": [
        0.005174943035552569,
        0.002264765653523959,
        0.05209846921407446
      ],
      "intrinsics": {
        "fx": 578.3818945312499,
        "fy": 578.23921875,
        "cx": 336.980830078125,
        "cy": 215.1156005859375
      }
    },
    {
      "rotation": [
        0.999463689193295,
        0.027219552636211706,
        -0.01820990997130283,
        -0.02250943519313375,
        0.9748488748592605,
        0.2217270186971958,
        0.023787158314652158,
        -0.2211981609051384,
        0.9749386985436704
      ],
      "translation": [
        0.004587034683237651,
        0.0006746106085165904,
        0.05230394745218159
      ],
      "intrinsics": {
        "fx": 578.3818945312499,
        "fy": 578.23921875,
        "cx": 336.980830078125,
        "cy": 215.1156005859375
      }
    },
    {
      "rotation": [
        0.9990887364696992,
        0.03493830390476134,
        -0.02451532855728715,
        -0.028776476398861724,
        0.9756033253232964,
        0.217646697713174,
        0.03152142194073512,
        -0.2167428377837379,
        0.9757197174844703
      ],
      "translation": [
        0.004321531434677256,
        -0.0012784411757936764,
        0.05255537706081004
      ],
      "intrinsics": {
        "fx": 578.3818945312499,
        "fy": 578.23921875,
        "cx": 336.980830078125,
        "cy": 215.1156005859375
      }
    },
    {
      "rotation": [
        0.9987513528782606,
        0.03982862245007156,
        -0.0301568369303755,
        -0.032555849896222906,
        0.9767650540120842,
        0.21182581188340688,
        0.03789289701930973,
        -0.21057952272666888,
        0.9768420626078178
      ],
      "translation": [
        0.004260843634084868,
        -0.003562737371073932,
        0.05287632759796734
      ],
      "intrinsics": {
        "fx": 578.3818945312499,
        "fy": 578.23921875,
        "cx": 336.980830078125,
        "cy": 215.1156005859375
      }
    },
    {
      "rotation": [
        0.9984872799804455,
        0.04301782469927288,
        -0.03424622486051737,
        -0.0350168794276768,
        0.9776836427894484,
        0.20714359494402956,
        0.04239282704176353,
        -0.2056309481795174,
        0.9777109845142384
      ],
      "translation": [
        0.004419018173290545,
        -0.005936816087346197,
        0.053365893028164635
      ],
      "intrinsics": {
        "fx": 578.3818945312499,
        "fy": 578.23921875,
        "cx": 336.980830078125,
        "cy": 215.1156005859375
      }
    },
    {
      "rotation": [
        0.9982542990455865,
        0.04618805708101462,
        -0.036811639173191454,
        -0.03774533659320043,
        0.9782693445553684,
        0.203873394471615,
        0.045428209147281975,
        -0.20212798140610488,
        0.9783049396405682
      ],
      "translation": [
        0.004742768034718486,
        -0.008366047387893927,
        0.054260757963827455
      ],
      "intrinsics": {
        "fx": 578.3818945312499,
        "fy": 578.23921875,
        "cx": 336.980830078125,
        "cy": 215.1156005859375
      }
    },
    {
      "rotation": [
        0.9980254560287832,
        0.04955601067950541,
        -0.03859259847007946,
        -0.04081040196487558,
        0.9786751034883209,
        0.20131937374730002,
        0.04774617090162186,
        -0.19934688622655186,
        0.9787650799738687
      ],
      "translation": [
        0.005084281828080156,
        -0.010893071109987496,
        0.055587431029743506
      ],
      "intrinsics": {
        "fx": 578.3818945312499,
        "fy": 578.23921875,
        "cx": 336.980830078125,
        "cy": 215.1156005859375
      }
    },
    {
      "rotation": [
        0.9977603612206336,
        0.05370423928718722,
        -0.03987641568800024,
        -0.044714050838555806,
        0.9788747684009604,
        0.19951134824613248,
        0.0497486434459805,
        -0.19728147174030938,
        0.9790837903423495
      ],
      "translation": [
        0.005371848241892289,
        -0.013506140991172089,
        0.05715476123104013
      ],
      "intrinsics": {
        "fx": 578.3818945312499,
        "fy": 578.23921875,
        "cx": 336.980830078125,
        "cy": 215.1156005859375
      }
    },
    {
      "rotation": [
        0.9974048300660453,
        0.05880118737216144,
        -0.04154663019447128,
        -0.0494636595838674,
        0.9789453148917343,
        0.19803873468055697,
        0.05231680962808655,
        -0.19546972863904732,
        0.9793132728406048
      ],
      "translation": [
        0.0055224684106418495,
        -0.016240479289557408,
        0.058891192225158706
      ],
      "intrinsics": {
        "fx": 578.3818945312499,
        "fy": 578.23921875,
        "cx": 336.980830078125,
        "cy": 215.1156005859375
      }
    },
    {
      "rotation": [
        0.9969953119988134,
        0.06364211026301314,
        -0.044159215948120015,
        -0.05376181737457412,
        0.9789232198250704,
        0.197025217621596,
        0.05576753240010301,
        -0.19405908384993756,
        0.9794034366866173
      ],
      "translation": [
        0.005481717945484549,
        -0.019050000174352544,
        0.060880204217988565
      ],
      "intrinsics": {
        "fx": 578.3818945312499,
        "fy": 578.23921875,
        "cx": 336.980830078125,
        "cy": 215.1156005859375
      }
    },
    {
      "rotation": [
        0.9965907105337265,
        0.06802568003878222,
        -0.046685100717490664,
        -0.0575588783817994,
        0.9786524087186085,
        0.19729750479296942,
        0.05910973062001579,
        -0.19393763395640976,
        0.9792314937945501
      ],
      "translation": [
        0.005364328700691957,
        -0.021820546534937924,
        0.06314744664339389
      ],
      "intrinsics": {
        "fx": 578.3818945312499,
        "fy": 578.23921875,
        "cx": 336.980830078125,
        "cy": 215.1156005859375
      }
    },
    {
      "rotation": [
        0.996168979243567,
        0.07290897504071323,
        -0.04828770884600922,
        -0.061952594044189443,
        0.9780929226502084,
        0.1987360115087815,
        0.06171951018752706,
        -0.1949830135417034,
        0.978862799124841
      ],
      "translation": [
        0.005263481034116509,
        -0.024545625547712557,
        0.06565693183064614
      ],
      "intrinsics": {
        "fx": 578.3818945312499,
        "fy": 578.23921875,
        "cx": 336.980830078125,
        "cy": 215.1156005859375
      }
    },
    {
      "rotation": [
        0.9957683671603204,
        0.0777841337168084,
        -0.04893880570531904,
        -0.06647740475740074,
        0.9773703435185612,
        0.20081811568993693,
        0.06345180932593748,
        -0.19671496827839446,
        0.9784054061645904
      ],
      "translation": [
        0.005140710912447451,
        -0.02724819302169601,
        0.06838817851723955
      ],
      "intrinsics": {
        "fx": 578.3818945312499,
        "fy": 578.23921875,
        "cx": 336.980830078125,
        "cy": 215.1156005859375
      }
    },
    {
      "rotation": [
        0.9953961500841915,
        0.08231973069238337,
        -0.04909183713486159,
        -0.07074408537384437,
        0.97658513588344,
        0.20316652993772968,
        0.06466702390970908,
        -0.19875818067001016,
        0.9779127851987945
      ],
      "translation": [
        0.004870477140288994,
        -0.02990675892440997,
        0.0713450785704508
      ],
      "intrinsics": {
        "fx": 578.3818945312499,
        "fy": 578.23921875,
        "cx": 336.980830078125,
        "cy": 215.1156005859375
      }
    },
    {
      "rotation": [
        0.9949501624377255,
        0.08745034787156956,
        -0.04926252758940167,
        -0.07556147028198247,
        0.9756576700526725,
        0.20587023243379346,
        0.06606680530086169,
        -0.20110820486501935,
        0.9773386011966418
      ],
      "translation": [
        0.0043632455842683715,
        -0.03248482468932545,
        0.07450800917770084
      ],
      "intrinsics": {
        "fx": 578.3818945312499,
        "fy": 578.23921875,
        "cx": 336.980830078125,
        "cy": 215.1156005859375
      }
    },
    {
      "rotation": [
        0.9945024700003069,
        0.09250443407268938,
        -0.04906825841931171,
        -0.08029108975086689,
        0.9744544461656469,
        0.20974226822984401,
        0.06721687619564418,
        -0.20464944529370652,
        0.9765247444793617
      ],
      "translation": [
        0.0037037096349276516,
        -0.034896297603406734,
        0.07782169312623943
      ],
      "intrinsics": {
        "fx": 578.3818945312499,
        "fy": 578.23921875,
        "cx": 336.980830078125,
        "cy": 215.1156005859375
      }
    },
    {
      "rotation": [
        0.9941540828567672,
        0.09661469649405974,
        -0.0482003142147873,
        -0.08406770779617646,
        0.9727798642445309,
        0.2159443643935019,
        0.06775165313699906,
        -0.21062987137368896,
        0.9752152730176561
      ],
      "translation": [
        0.003065354833332784,
        -0.037006427910057815,
        0.0811821516187925
      ],
      "intrinsics": {
        "fx": 578.3818945312499,
        "fy": 578.23921875,
        "cx": 336.980830078125,
        "cy": 215.1156005859375
      }
    },
    {
      "rotation": [
        0.9938252866355055,
        0.10047372148377251,
        -0.04707809194783545,
        -0.08761364851799852,
        0.9709512189790952,
        0.2226600672847843,
        0.06808202207437312,
        -0.21716049649932226,
        0.9737587762869545
      ],
      "translation": [
        0.0024764626490090813,
        -0.038963439801690036,
        0.0845040234859129
      ],
      "intrinsics": {
        "fx": 578.3818945312499,
        "fy": 578.23921875,
        "cx": 336.980830078125,
        "cy": 215.1156005859375
      }
    },
    {
      "rotation": [
        0.9934148080744261,
        0.10483028293575702,
