{
  "image_width": 672,
  "image_height": 480,
  "frames": [
    {
      "rotation": [
        0.917361070511584,
        0.35467045713960005,
        0.18071357835348165,
        -0.36117156912449616,
        0.9324935388684783,
        0.003302659906060649,
        -0.16734294763172955,
        -0.06829834907720979,
        0.9835302110995537
      ],
      "translation": [
        -0.11212139105064453,
        -0.01271038258713486,
        0.03067008005260652
      ],
      "intrinsics": {
        "fx": 578.3818945312499,
        "fy": 578.23921875,
        "cx": 336.980830078125,
        "cy": 215.1156005859375
      }
    },
    {
      "rotation": [
        0.9113450550271385,
        0.36626588994459885,
        0.18788165614739993,
        -0.37453652795964126,
        0.9271657573228277,
        0.00927612980028428,
        -0.17079992991884152,
        -0.07882228344318536,
        0.9821479006970919
      ],
      "translation": [
        -0.11504326269996488,
        -0.014615591564672514,
        0.03546497235407031
      ],
      "intrinsics": {
        "fx": 578.3818945312499,
        "fy": 578.23921875,
        "cx": 336.980830078125,
        "cy": 215.1156005859375
      }
    },
    {
      "rotation": [
        0.9046450354805522,
        0.380253440282505,
        0.19241750343293001,
        -0.3900834000417486,
        0.9206643912629927,
        0.014557735482680563,
        -0.17161640799158775,
        -0.08822841955639635,
        0.9812051700400959
      ],
      "translation": [
        -0.11809613923499483,
        -0.01646426137346335,
        0.04017523009629098
      ],
      "intrinsics": {
        "fx": 578.3818945312499,
        "fy": 578.23921875,
        "cx": 336.980830078125,
        "cy": 215.1156005859375
      }
    },
    {
      "rotation": [
        0.8974363320164455,
        0.39590830578439484,
        0.19458826643696125,
        -0.40685840034002096,
        0.913309769707339,
        0.018205271260597174,
        -0.17051185296880794,
        -0.09550789181908596,
        0.9807160577519118
      ],
      "translation": [
        -0.12113655576705717,
        -0.01839952664406297,
        0.044606627814660404
      ],
      "intrinsics": {
        "fx": 578.3818945312499,
        "fy": 578.23921875,
        "cx": 336.980830078125,
        "cy": 215.1156005859375
      }
    },
    {
      "rotation": [
        0.8907252675721125,
        0.41086550440364755,
        0.19441729194127114,
        -0.42265654157811733,
        0.9060307008896588,
        0.021675372734457184,
        -0.1672424232112727,
        -0.10147852405270591,
        0.9806793961511019
      ],
      "translation": [
        -0.12404429042104104,
        -0.020324425255635936,
        0.04869784027076829
      ],
      "intrinsics": {
        "fx": 578.3818945312499,
        "fy": 578.23921875,
        "cx": 336.980830078125,
        "cy": 215.1156005859375
      }
    },
    {
      "rotation": [
        0.8848290358744765,
        0.42399968624093864,
        0.1931366169585331,
        -0.43655847358466027,
        0.8993072623016508,
        0.02575150990748901,
        -0.1627705780343428,
        -0.10710110500620028,
        0.9808338909749368
      ],
      "translation": [
        -0.12662368027896675,
        -0.022197907788833904,
        0.05246605254055736
      ],
      "intrinsics": {
        "fx": 578.3818945312499,
        "fy": 578.23921875,
        "cx": 336.980830078125,
        "cy": 215.1156005859375
      }
    },
    {
      "rotation": [
        0.879511072323258,
        0.43557688487928675,
        0.19165850613033586,
        -0.4488112851739534,
        0.8931302491681317,
        0.029779958681384944,
        -0.15820457876699925,
        -0.11221028804381358,
        0.9810097750210907
      ],
      "translation": [
        -0.128878363402515,
        -0.024071288637403043,
        0.055915426091904585
      ],
      "intrinsics": {
        "fx": 578.3818945312499,
        "fy": 578.23921875,
        "cx": 336.980830078125,
        "cy": 215.1156005859375
      }
    },
    {
      "rotation": [
        0.8744573129770216,
        0.4465359999113763,
        0.1895522748321876,
        -0.46011405140202644,
        0.8872660476846522,
        0.03246490144451679,
        -0.15368660818655594,
        -0.11560480114549007,
        0.9813338006177399
      ],
      "translation": [
        -0.13100283504706406,
        -0.025928833383766614,
        0.05905316804264693
      ],
      "intrinsics": {
        "fx": 578.3818945312499,
        "fy": 578.23921875,
        "cx": 336.980830078125,
        "cy": 215.1156005859375
      }
    },
    {
      "rotation": [
        0.8693433607485636,
        0.4578881604634365,
        0.1859584142042718,
        -0.4714110396660257,
        0.881263117010696,
        0.03386819351349222,
        -0.14837046867624157,
        -0.11710595741301882,
        0.981973724894297
      ],
      "translation": [
        -0.13308584277430702,
        -0.02771358450571615,
        0.061825542343041606
      ],
      "intrinsics": {
        "fx": 578.3818945312499,
        "fy": 578.23921875,
        "cx": 336.980830078125,
        "cy": 215.1156005859375
      }
    },
    {
      "rotation": [
        0.8643128772337776,
        0.469387281161825,
        0.18066195464659618,
        -0.4827052078504495,
        0.8750501938448092,
        0.03581725698970269,
        -0.14127611575679044,
        -0.11816374687836331,
        0.9828928487999404
      ],
      "translation": [
        -0.1350353613924568,
        -0.029329163179823703,
        0.06411829643560263
      ],
      "intrinsics": {
        "fx": 578.3818945312499,
        "fy": 578.23921875,
        "cx": 336.980830078125,
        "cy": 215.1156005859375
      }
    },
    {
      "rotation": [
        0.8598044590836547,
        0.4801975353736888,
        0.17362806184876461,
        -0.493220485550963,
        0.8690309272206093,
        0.038971517050332055,
        -0.13217416023825174,
        -0.11914477084112163,
        0.984039930072434
      ],
      "translation": [
        -0.13682579331410133,
        -0.030746019171909444,
        0.06588948631375802
      ],
      "intrinsics": {
        "fx": 578.3818945312499,
        "fy": 578.23921875,
        "cx": 336.980830078125,
        "cy": 215.1156005859375
      }
    },
    {
      "rotation": [
        0.8554522342188368,
        0.49107015142350924,
        0.16447365969837419,
        -0.5034516127359038,
        0.8630101350127368,
        0.04183174871547156,
        -0.12140014635098799,
        -0.11858960025973608,
        0.9854940143002604
      ],
      "translation": [
        -0.13862925154538683,
        -0.03203770567259123,
        0.06725953433533038
      ],
      "intrinsics": {
        "fx": 578.3818945312499,
        "fy": 578.23921875,
        "cx": 336.980830078125,
        "cy": 215.1156005859375
      }
    },
    {
      "rotation": [
        0.8506863153420553,
        0.5024185725310844,
        0.15462265517180068,
        -0.5139584550744825,
        0.8566862903200061,
        0.04399295108350317,
        -0.11036029967009917,
        -0.11689379673198666,
        0.9869936898895779
      ],
      "translation": [
        -0.14051509693969103,
        -0.03314683434287369,
        0.0683930529638328
      ],
      "intrinsics": {
        "fx": 578.3818945312499,
        "fy": 578.23921875,
        "cx": 336.980830078125,
        "cy": 215.1156005859375
      }
    },
    {
      "rotation": [
        0.8449677216740704,
        0.5146027011576226,
        0.1456485747884095,
        -0.525328072775403,
        0.8496781205509998,
        0.04557874151355372,
        -0.10029950640564203,
        -0.11502582349267429,
        0.9882859417433436
      ],
      "translation": [
        -0.14246430829966866,
        -0.03397395915111856,
        0.06946211696886473
      ],
      "intrinsics": {
        "fx": 578.3818945312499,
        "fy": 578.23921875,
        "cx": 336.980830078125,
        "cy": 215.1156005859375
      }
    },
    {
      "rotation": [
        0.8378720582692385,
        0.5281635163711672,
        0.13788987850389078,
        -0.5381759417254729,
        0.8415307137785647,
        0.0468254213542012,
        -0.09130716292763834,
        -0.11344271375194724,
        0.9893400626791716
      ],
      "translation": [
        -0.14448155729218654,
        -0.03443275207460794,
        0.07060707670554445
      ],
      "intrinsics": {
        "fx": 578.3818945312499,
        "fy": 578.23921875,
        "cx": 336.980830078125,
        "cy": 215.1156005859375
      }
    },
    {
      "rotation": [
        0.8299617435064629,
        0.5421906182256935,
        0.13112174612486793,
        -0.5516497456822128,
        0.832649430449756,
        0.04875941590928551,
        -0.08274156674179795,
        -0.11280172104829322,
        0.9901664592964874
      ],
      "translation": [
        -0.14649151212852812,
        -0.03442090187274838,
        0.07183077311449182
      ],
      "intrinsics": {
        "fx": 578.3818945312499,
        "fy": 578.23921875,
        "cx": 336.980830078125,
        "cy": 215.1156005859375
      }
    },
    {
      "rotation": [
        0.8217125395617053,
        0.5559270377781411,
        0.1254336347060787,
        -0.5650221707702234,
        0.823440213487672,
        0.0519246027907871,
        -0.07442083828998383,
        -0.11353988243278704,
        0.9907422797153446
      ],
      "translation": [
        -0.14822803754021172,
        -0.03398386157786215,
        0.0729410825135004
      ],
      "intrinsics": {
        "fx": 578.3818945312499,
        "fy": 578.23921875,
        "cx": 336.980830078125,
        "cy": 215.1156005859375
      }
    },
    {
      "rotation": [
        0.8136305577994699,
        0.5690305555400912,
        0.1192038485672471,
        -0.5775895767067881,
        0.8145313903428198,
        0.05411974310525948,
        -0.06629950373047938,
        -0.11288440904468464,
        0.9913937272936555
      ],
      "translation": [
        -0.1495168846545719,
        -0.033443163587965063,
        0.07366784393018522
      ],
      "intrinsics": {
        "fx": 578.3818945312499,
        "fy": 578.23921875,
        "cx": 336.980830078125,
        "cy": 215.1156005859375
      }
    },
    {
      "rotation": [
        0.8064623271849131,
        0.5808948793223755,
        0.1103612291032988,
        -0.5884306947386477,
        0.8067840582805824,
        0.05337423952348449,
        -0.058032907328699666,
        -0.10798424787031631,
        0.9924573261646309
      ],
      "translation": [
        -0.15039965768388439,
        -0.0330038032770863,
        0.07379597321716935
      ],
      "intrinsics": {
        "fx": 578.3818945312499,
        "fy": 578.23921875,
        "cx": 336.980830078125,
        "cy": 215.1156005859375
      }
    },
    {
      "rotation": [
        0.8002460096142248,
        0.591284422411255,
        0.09994501230508787,
        -0.5975984636958095,
        0.800172706506801,
        0.050988550150805605,
        -0.04982452803970291,
        -0.10053039943459566,
        0.993685658839636
      ],
      "translation": [
        -0.15078393541134766,
        -0.032610468074797616,
        0.07326243560557422
      ],
      "intrinsics": {
        "fx": 578.3818945312499,
        "fy": 578.23921875,
        "cx": 336.980830078125,
        "cy": 215.1156005859375
      }
    },
    {
      "rotation": [
        0.7945954382667176,
        0.6005002847255845,
        0.0895403601261111,
        -0.6056611875035064,
        0.794278068931301,
        0.047926552764158796,
        -0.04234007625535555,
        -0.09231330048693051,
        0.9948294351745656
      ],
      "translation": [
        -0.15056777064954735,
        -0.032273905271424264,
        0.07228799345249248
      ],
      "intrinsics": {
        "fx": 578.3818945312499,
        "fy": 578.23921875,
        "cx": 336.980830078125,
        "cy": 215.1156005859375
      }
    },
    {
      "rotation": [
        0.7897411596473165,
        0.6083121262654755,
        0.07915325598364732,
        -0.6124615417347645,
        0.7891756539997867,
        0.04574561205158367,
        -0.03463823508630261,
        -0.08460551500695576,
        0.9958122844401426
      ],
      "translation": [
        -0.14976218608759856,
        -0.03198754048951247,
        0.07118844028074034
      ],
      "intrinsics": {
        "fx": 578.3818945312499,
        "fy": 578.23921875,
        "cx": 336.980830078125,
        "cy": 215.1156005859375
      }
    },
    {
      "rotation": [
        0.7859298991588557,
        0.6144897461558798,
        0.06867675370282035,
        -0.6177754809924331,
        0.7850262512691826,
        0.0456860035073167,
        -0.02583951106493536,
        -0.07833278057643953,
        0.996592356658472
      ],
      "translation": [
        -0.14829570014625473,
        -0.03173799702550939,
        0.07012234798363837
      ],
      "intrinsics": {
        "fx": 578.3818945312499,
        "fy": 578.23921875,
        "cx": 336.980830078125,
        "cy": 215.1156005859375
      }
    },
    {
      "rotation": [
        0.783177190849118,
        0.6189666005528444,
        0.059277698922555765,
        -0.6215565921011206,
        0.7819662984971815,
        0.046862511095157704,
        -0.01734685103407434,
        -0.07354607258106008,
        0.9971409545569375
      ],
      "translation": [
        -0.14604170200637823,
        -0.0316326099173313,
        0.06907744226553048
      ],
      "intrinsics": {
        "fx": 578.3818945312499,
        "fy": 578.23921875,
        "cx": 336.980830078125,
        "cy": 215.1156005859375
      }
    },
    {
      "rotation": [
        0.7815705206416589,
        0.6217500936907389,
        0.05073665980016514,
        -0.623723534720297,
        0.7802714080795367,
        0.046318930098625685,
        -0.010789593297120113,
        -0.06784717588246364,
        0.9976373375934423
      ],
      "translation": [
        -0.14317021770307398,
        -0.03181359167949971,
        0.06803800595230336
      ],
      "intrinsics": {
        "fx": 578.3818945312499,
        "fy": 578.23921875,
        "cx": 336.980830078125,
        "cy": 215.1156005859375
      }
    },
    {
      "rotation": [
        0.7810171570784423,
        0.6230469108972494,
        0.042716135359567704,
        -0.6244767722653701,
        0.7798479722568448,
        0.04319575804879552,
        -0.006399122029511707,
        -0.06041191554360082,
        0.9981530134205167
      ],
      "translation": [
        -0.13990876928240334,
        -0.03214983410428518,
        0.06695112166657169
      ],
      "intrinsics": {
        "fx": 578.3818945312499,
        "fy": 578.23921875,
        "cx": 336.980830078125,
        "cy": 215.1156005859375
      }
    },
    {
      "rotation": [
        0.781100564742967,
        0.6234131545449081,
        0.03518327722569744,
        -0.624398942131723,
        0.7801046139549629,
        0.03953149564134227,
        -0.002802232869391329,
        -0.052846429959266104,
        0.9985987560874435
      ],
      "translation": [
        -0.136394345495656,
        -0.03239495322281283,
        0.06570604263596747
      ],
      "intrinsics": {
        "fx": 578.3818945312499,
        "fy": 578.23921875,
        "cx": 336.980830078125,
        "cy": 215.1156005859375
      }
    },
    {
      "rotation": [
        0.7820362868055045,
        0.6226073352219222,
        0.02791854110122395,
        -0.6232319874482889,
        0.7811664261530136,
        0.03689207998178103,
        0.0011602730471217489,
        -0.04625068039388274,
        0.9989292408331378
      ],
      "translation": [
        -0.1327252732957759,
        -0.032490782134832696,
        0.06426257362297738
      ],
      "intrinsics": {
        "fx": 578.3818945312499,
        "fy": 578.23921875,
        "cx": 336.980830078125,
        "cy": 215.1156005859375
      }
    },
    {
      "rotation": [
        0.7836087402865365,
        0.620919399860446,
        0.02040495776651015,
        -0.621230388095411,
        0.7828647534576257,
        0.03457536439239743,
        0.005494120080191586,
        -0.03976965815910824,
        0.9991938241547111
      ],
      "translation": [
        -0.12893401105191088,
        -0.032623025944283124,
        0.0626888689437135
      ],
      "intrinsics": {
        "fx": 578.3818945312499,
        "fy": 578.23921875,
        "cx": 336.980830078125,
        "cy": 215.1156005859375
      }
    },
    {
      "rotation": [
        0.7858719588389138,
        0.6182658753425483,
        0.012352914857428156,
        -0.6183018544688345,
        0.7852678609119327,
        0.0325157503936212,
        0.010403008850260274,
        -0.03319103860825602,
        0.9993948853500998
      ],
      "translation": [
        -0.12500377264798634,
        -0.032910769296564224,
        0.06101166717071682
      ],
      "intrinsics": {
        "fx": 578.3818945312499,
        "fy": 578.23921875,
        "cx": 336.980830078125,
        "cy": 215.1156005859375
      }
    },
    {
      "rotation": [
        0.7896944389077292,
        0.6134802948396638,
        0.004952657113116386,
        -0.6133069931454544,
        0.7892172232027581,
        0.031474645684189756,
        0.015400329543333216,
        -0.02789283309442032,
        0.999492298651519
      ],
      "translation": [
        -0.12082649600362898,
        -0.033322891603268845,
        0.05928619322836104
      ],
      "intrinsics": {
        "fx": 578.3818945312499,
        "fy": 578.23921875,
        "cx": 336.980830078125,
        "cy": 215.1156005859375
      }
    },
    {
      "rotation": [
        0.7958987828719848,
        0.6054285431049378,
        -0.0011659435901596083,
        -0.605107713328879,
        0.7955368123364438,
        0.031079492399330343,
        0.019743917552256532,
        -0.024030576874816908,
        0.9995162636993234
      ],
      "translation": [
        -0.1163912943893966,
        -0.03377685120886287,
        0.05758142589568993
      ],
      "intrinsics": {
        "fx": 578.3818945312499,
        "fy": 578.23921875,
        "cx": 336.980830078125,
        "cy": 215.1156005859375
      }
    },
    {
      "rotation": [
        0.8040762464299328,
        0.5944949968486014,
        -0.006092444676912512,
        -0.5940752650844905,
        0.8038231757099966,
        0.03070774099877761,
        0.023152807751994017,
        -0.021071996325590706,
        0.999509835623511
      ],
      "translation": [
        -0.11181385370136837,
        -0.03413926218488317,
        0.055836513234429175
      ],
      "intrinsics": {
        "fx": 578.3818945312499,
        "fy": 578.23921875,
        "cx": 336.980830078125,
        "cy": 215.1156005859375
      }
    },
    {
      "rotation": [
        0.8126863123881822,
        0.5826082165285544,
        -0.010426057522547136,
        -0.5821198505139448,
        0.8125444153302622,
        0.030133960465809836,
        0.02602788675250524,
        -0.018420256810277726,
        0.9994915070530678
      ],
      "translation": [
        -0.10728527728442833,
        -0.03427820462440656,
        0.05392298985759214
      ],
      "intrinsics": {
        "fx": 578.3818945312499,
        "fy": 578.23921875,
        "cx": 336.980830078125,
        "cy": 215.1156005859375
      }
    },
    {
      "rotation": [
        0.821177786485334,
        0.570486455718438,
        -0.014567907381603393,
        -0.569935719945651,
        0.8211470424359488,
        0.029846027034289405,
        0.028989193885001114,
        -0.016206132412443276,
        0.9994483228213498
      ],
      "translation": [
        -0.1029317767915825,
        -0.0340339728875767,
        0.051714918348999106
      ],
      "intrinsics": {
        "fx": 578.3818945312499,
        "fy": 578.23921875,
        "cx": 336.980830078125,
        "cy": 215.1156005859375
      }
    },
    {
      "rotation": [
        0.8300282038124053,
        0.5573986117590358,
        -0.018970925765075947,
        -0.556774504551794,
        0.8301207659008295,
        0.03002917180566269,
        0.03248634502450358,
        -0.0143625349582169,
        0.9993690341024671
      ],
      "translation": [
        -0.09877550874147598,
        -0.03333315409645743,
        0.049111900110978324
      ],
      "intrinsics": {
        "fx": 578.3818945312499,
        "fy": 578.23921875,
        "cx": 336.980830078125,
        "cy": 215.1156005859375
      }
    },
    {
      "rotation": [
        0.8394408844328167,
        0.5429092505250489,
        -0.02425845301449763,
        -0.5422131656248012,
        0.8397050019603687,
        0.030003965029206926,
        0.03665933793622483,
        -0.012033216074747973,
        0.9992553510917551
      ],
      "translation": [
        -0.0947779543928791,
        -0.03227339615645963,
        0.04601738905300157
      ],
      "intrinsics": {
        "fx": 578.3818945312499,
        "fy": 578.23921875,
        "cx": 336.980830078125,
        "cy": 215.1156005859375
      }
    },
    {
      "rotation": [
        0.8490832715825569,
        0.5273890184649379,
        -0.030304731185814147,
        -0.526641514022802,
        0.8495751875886391,
        0.029509467720521747,
        0.04130912640228394,
        -0.00909625907291628,
        0.9991050472794558
      ],
      "translation": [
        -0.09084394423861789,
        -0.03094403720739669,
        0.042413727562955916
      ],
      "intrinsics": {
        "fx": 578.3818945312499,
        "fy": 578.23921875,
        "cx": 336.980830078125,
        "cy": 215.1156005859375
      }
    },
    {
      "rotation": [
        0.8588610802320841,
        0.5108558949677463,
        -0.0371985033778939,
        -0.5101119360146009,
        0.8596511863169598,
        0.028028778305685377,
        0.04629637653846798,
        -0.005097414578351344,
        0.9989146937696495
      ],
      "translation": [
        -0.08690125767411169,
        -0.02943926700587962,
        0.03841387416909692
      ],
      "intrinsics": {
        "fx": 578.3818945312499,
        "fy": 578.23921875,
        "cx": 336.980830078125,
        "cy": 215.1156005859375
      }
    },
    {
      "rotation": [
        0.8688659256169546,
        0.4929886183877073,
        -0.04510248674501903,
        -0.4923781897405453,
        0.870035258117444,
        0.02454199464418849,
        0.0513396264930005,
        0.0008838231566882052,
        0.9986808815508786
      ],
      "translation": [
        -0.08284843351910409,
        -0.027900391327126628,
        0.03415850243744134
      ],
      "intrinsics": {
        "fx": 578.3818945312499,
        "fy": 578.23921875,
        "cx": 336.980830078125,
        "cy": 215.1156005859375
      }
    },
    {
      "rotation": [
        0.8795017722768987,
        0.4728645514179887,
        -0.05362521127856813,
        -0.4725671849915314,
        0.8810919671064736,
        0.018900347292627427,
        0.05618600983178473,
        0.008718614771638265,
        0.9983822630826673
      ],
      "translation": [
        -0.07855337702001108,
        -0.026373345641397705,
        0.029743098524788847
      ],
      "intrinsics": {
        "fx": 578.3818945312499,
        "fy": 578.23921875,
        "cx": 336.980830078125,
        "cy": 215.1156005859375
      }
    },
    {
      "rotation": [
        0.8910532793460842,
        0.4497562924731644,
        -0.06118223146646576,
        -0.44990466144359526,
        0.8929944598758908,
        0.012109889197918982,
        0.06008191430266309,
        0.016735619194919463,
        0.9980531178200539
      ],
      "translation": [
        -0.07386273683283986,
        -0.024796524318815627,
        0.025242797133030015
      ],
      "intrinsics": {
        "fx": 578.3818945312499,
        "fy": 578.23921875,
        "cx": 336.980830078125,
        "cy": 215.1156005859375
      }
    },
    {
      "rotation": [
        0.903262845731753,
        0.42395271557244524,
        -0.06618422445445213,
        -0.4245434942874989,
        0.9053904341525247,
        0.0055665964330414664,
        0.06228253028447618,
        0.023069943417381986,
        0.9977918795374856
      ],
      "translation": [
        -0.068723067208551,
        -0.02306895732781533,
        0.0207467216770163
      ],
      "intrinsics": {
        "fx": 578.3818945312499,
        "fy": 578.23921875,
        "cx": 336.980830078125,
        "cy": 215.1156005859375
      }
    },
    {
      "rotation": [
        0.9157548905295689,
        0.39590845589217244,
        -0.06818710064010938,
        -0.39688867963517704,
        0.9178663542447165,
        -0.0009045959039730887,
        0.062228487164939075,
        0.0278911181125655,
        0.9976722050723312
      ],
      "translation": [
        -0.06318522832523515,
        -0.02116061509981193,
        0.016371289727659333
      ],
      "intrinsics": {
        "fx": 578.3818945312499,
        "fy": 578.23921875,
        "cx": 336.980830078125,
        "cy": 215.1156005859375
      }
    },
    {
      "rotation": [
        0.9283279638309357,
        0.3653481090934572,
        -0.0687594526504303,
        -0.3666987343921616,
        0.9303077586902905,
        -0.007714641258342569,
        0.06114891300774393,
        0.032375722639357556,
        0.9976034747863566
      ],
      "translation": [
        -0.05736261874172148,
        -0.019154477484914945,
        0.012216169985140857
      ],
      "intrinsics": {
        "fx": 578.3818945312499,
        "fy": 578.23921875,
        "cx": 336.980830078125,
        "cy": 215.1156005859375
      }
    },
    {
      "rotation": [
        0.9405579004894089,
        0.3326371544875571,
        -0.0685801416564162,
        -0.33427601615258795,
        0.9423762420023495,
        -0.01365665627836724,
        0.06008551924277036,
        0.035769605843507545,
        0.9975521560733719
      ],
      "translation": [
        -0.051365052507419164,
        -0.01707716840656759,
        0.008421358774385546
      ],
      "intrinsics": {
        "fx": 578.3818945312499,
        "fy": 578.23921875,
        "cx": 336.980830078125,
        "cy": 215.1156005859375
      }
    },
    {
      "rotation": [
        0.9518608145208981,
        0.29898425757618285,
        -0.06759695262372926,
        -0.3008071000597213,
        0.9535078444376792,
        -0.018382790876247727,
        0.058958059179808696,
        0.03783148794886164,
        0.9975433699653662
      ],
      "translation": [
        -0.04540385282270604,
        -0.014883418504881507,
        0.005189396650115974
      ],
      "intrinsics": {
        "fx": 578.3818945312499,
        "fy": 578.23921875,
        "cx": 336.980830078125,
        "cy": 215.1156005859375
      }
    },
    {
      "rotation": [
        0.9618396494640543,
        0.265457456881811,
        -0.06630752553919372,
        -0.2673501719650929,
        0.9633627412019257,
        -0.02135768801869569,
        0.05820859737434097,
        0.03826999180834027,
        0.9975706514415361
      ],
      "translation": [
        -0.039615111306249555,
        -0.012551877990953586,
        0.0026049657706592733
      ],
      "intrinsics": {
        "fx": 578.3818945312499,
        "fy": 578.23921875,
        "cx": 336.980830078125,
        "cy": 215.1156005859375
      }
    },
    {
      "rotation": [
        0.9703647762574344,
        0.23278191889720973,
        -0.06484408574578042,
        -0.23453029011160215,
        0.9718884925569278,
        -0.02069355070485763,
        0.05820410055231295,
        0.035288260525203057,
        0.9976808346410181
      ],
      "translation": [
        -0.034072624756804316,
        -0.009984119419916282,
        0.0006684684039108824
      ],
      "intrinsics": {
        "fx": 578.3818945312499,
        "fy": 578.23921875,
        "cx": 336.980830078125,
        "cy": 215.1156005859375
      }
    },
    {
      "rotation": [
        0.9775475141602633,
        0.20095630472875525,
        -0.06338212033177192,
        -0.20238028604088534,
        0.9791620854299194,
        -0.016842892281873793,
        0.05867665658173095,
        0.02929205561865173,
        0.9978472010117808
      ],
      "translation": [
        -0.02894772435569243,
        -0.0072650184422554664,
        -0.0006353095785140983
      ],
      "intrinsics": {
        "fx": 578.3818945312499,
        "fy": 578.23921875,
        "cx": 336.980830078125,
        "cy": 215.1156005859375
      }
    },
    {
      "rotation": [
        0.9833829188578483,
        0.17061332807624116,
        -0.06204105807072096,
        -0.17168348124973776,
        0.9850752226473111,
        -0.0123086089790934,
        0.059015069703294815,
        0.022755559335433596,
        0.9979976857451706
      ],
      "translation": [
        -0.024300657367376764,
        -0.004638571788654344,
        -0.0013316838166073097
      ],
      "intrinsics": {
        "fx": 578.3818945312499,
        "fy": 578.23921875,
        "cx": 336.980830078125,
        "cy": 215.1156005859375
      }
    },
    {
      "rotation": [
        0.9880135796432813,
        0.14202516411869506,
        -0.06048155080928873,
        -0.14273257355290392,
        0.9897327017571694,
        -0.007518417675271618,
        0.05879272476763133,
        0.01606103799250111,
        0.9981410148268306
      ],
      "translation": [
        -0.02009280028189655,
        -0.0021476414374260733,
        -0.001402956463149474
      ],
      "intrinsics": {
        "fx": 578.3818945312499,
        "fy": 578.23921875,
        "cx": 336.980830078125,
        "cy": 215.1156005859375
      }
    },
    {
      "rotation": [
        0.9917630705672135,
        0.11432651739414104,
        -0.05775227962340894,
        -0.11453325027902002,
        0.993419394798751,
        -0.00027057196205623144,
        0.057341277305612504,
        0.006882905113407175,
        0.9983309157606722
      ],
      "translation": [
        -0.016412912654765,
        0.00040389413202490676,
        -0.0008252066951861536
      ],
      "intrinsics": {
        "fx": 578.3818945312499,
        "fy": 578.23921875,
        "cx": 336.980830078125,
        "cy": 215.1156005859375
      }
    },
    {
      "rotation": [
        0.9946787025764526,
        0.08802932754715224,
        -0.053526315164745354,
        -0.08759233413979296,
        0.9961014742842131,
        0.01046123769559684,
        0.05423848324193536,
        -0.005717011348069338,
        0.9985116332261467
      ],
      "translation": [
        -0.01354224143121683,
        0.0030728541427894607,
        0.0002994430038871787
      ],
      "intrinsics": {
        "fx": 578.3818945312499,
        "fy": 578.23921875,
        "cx": 336.980830078125,
        "cy": 215.1156005859375
      }
    },
    {
      "rotation": [
        0.9967082426673728,
        0.06517618785723761,
        -0.048215145481765184,
        -0.06415738293975715,
        0.9976886550993467,
        0.022387016568754775,
        0.049562705406812964,
        -0.019219937610652243,
        0.9985860957726006
      ],
      "translation": [
        -0.011589109748166716,
        0.005631213326754425,
        0.0017892613374415056
      ],
      "intrinsics": {
        "fx": 578.3818945312499,
        "fy": 578.23921875,
        "cx": 336.980830078125,
        "cy": 215.1156005859375
      }
    },
    {
      "rotation": [
        0.9979976419690557,
        0.046298131380673214,
        -0.04309306158807796,
        -0.04486580807646354,
        0.9984267148966482,
        0.03363300550785418,
        0.04458235695536798,
        -0.03163223923385839,
        0.9985048327904557
      ],
      "translation": [
        -0.010382777593644345,
        0.007949530372421187,
        0.003553807412845611
      ],
      "intrinsics": {
        "fx": 578.3818945312499,
        "fy": 578.23921875,
        "cx": 336.980830078125,
        "cy": 215.1156005859375
      }
    },
    {
      "rotation": [
        0.9988014190474978,
        0.02916834369327096,
        -0.03930485260866314,
        -0.027397905136521288,
        0.9986178172858603,
        0.044853651985159504,
        0.040558811285610966,
        -0.04372298889921085,
        0.9982200987786778
      ],
      "translation": [
        -0.009635739019542601,
        0.010112541381247397,
        0.005622762864945674
      ],
      "intrinsics": {
        "fx": 578.3818945312499,
        "fy": 578.23921875,
        "cx": 336.980830078125,
        "cy": 215.1156005859375
      }
    },
    {
      "rotation": [
        0.9992528358090024,
        0.011596308308626664,
        -0.036868468034931004,
        -0.009426546910298792,
        0.998243473667896,
        0.058489773018353786,
        0.03748197542540224,
        -0.05809848418221193,
        0.997606985834484
      ],
      "translation": [
        -0.00899385172292548,
        0.012377876876918825,
        0.008020753580978202
      ],
      "intrinsics": {
        "fx": 578.3818945312499,
        "fy": 578.23921875,
        "cx": 336.980830078125,
        "cy": 215.1156005859375
      }
    },
    {
      "rotation": [
        0.9993311725062808,
        -0.007375852053455737,
        -0.03581632029463077,
        0.01006500222212286,
        0.9970956655602656,
        0.07549171319548567,
        0.035155447308453894,
        -0.07580168670062407,
        0.9965029934531846
      ],
      "translation": [
        -0.00831308145229226,
        0.014878477209666063,
        0.010571586596896276
      ],
      "intrinsics": {
        "fx": 578.3818945312499,
        "fy": 578.23921875,
        "cx": 336.980830078125,
        "cy": 215.1156005859375
      }
    },
    {
      "rotation": [
        0.9989890923696438,
        -0.02792986227660175,
        -0.03522263116498959,
        0.03107972594898998,
        0.9952456074757903,
        0.09230542143584361,
        0.03247708883664846,
        -0.09330685397457068,
        0.9951075399702165
      ],
      "translation": [
        -0.007555681645378398,
        0.017350085464593823,
        0.013153438132222917
      ],
      "intrinsics": {
        "fx": 578.3818945312499,
        "fy": 578.23921875,
        "cx": 336.980830078125,
        "cy": 215.1156005859375
      }
    },
    {
      "rotation": [
        0.9982122355429744,
        -0.049531505138934166,
        -0.03345136102293941,
        0.052854844420264065,
        0.9928395867277098,
        0.10712555267018416,
        0.02790575468261133,
        -0.10870204128189731,
        0.9936825976700102
      ],
      "translation": [
        -0.006606301187449315,
        0.01975465382270536,
        0.015718152726504675
      ],
      "intrinsics": {
        "fx": 578.3818945312499,
        "fy": 578.23921875,
        "cx": 336.980830078125,
        "cy": 215.1156005859375
      }
    },
    {
      "rotation": [
        0.996949311869821,
        -0.07173782114886273,
        -0.030752397030790926,
        0.07495337798577568,
        0.9898395670338556,
        0.12082859816289485,
        0.021771987526071568,
        -0.12276495355005052,
        0.9921969141333754
      ],
      "translation": [
        -0.005622450637076171,
        0.022198628739872106,
        0.01790802725001739
      ],
      "intrinsics": {
        "fx": 578.3818945312499,
        "fy": 578.23921875,
        "cx": 336.980830078125,
        "cy": 215.1156005859375
      }
    },
    {
      "rotation": [
        0.9952772467925868,
        -0.09296597725059369,
        -0.02793645668880377,
        0.09586408995752776,
        0.986575645102155,
        0.1322065898658603,
        0.015270688573732184,
        -0.13426026962656049,
        0.9908283958378916
      ],
      "translation": [
        -0.004728002288353121,
        0.024505707357849293,
        0.01953502629225712
      ],
      "intrinsics": {
        "fx": 578.3818945312499,
        "fy": 578.23921875,
        "cx": 336.980830078125,
        "cy": 215.1156005859375
      }
    },
    {
      "rotation": [
        0.993205139355015,
        -0.11361923568863332,
        -0.025184775738113216,
        0.11604965979439588,
        0.9831616652813248,
        0.1411580460770488,
        0.008722419001889912,
        -0.1431215146618366,
        0.9896666803021856
      ],
      "translation": [
        -0.003908856114473308,
        0.026677520439473246,
        0.02067884869451353
      ],
      "intrinsics": {
        "fx": 578.3818945312499,
        "fy": 578.23921875,
        "cx": 336.980830078125,
        "cy": 215.1156005859375
      }
    },
    {
      "rotation": [
        0.9906640805000042,
        -0.13430335051502348,
        -0.023393818253223682,
        0.13629157334665137,
        0.9795574256638212,
        0.14795945175593617,
        0.0030441195528843365,
        -0.14976648673902224,
        0.9887167259807262
      ],
      "translation": [
        -0.003336950084012899,
        0.028721481129940774,
        0.021318462777761615
      ],
      "intrinsics": {
        "fx": 578.3818945312499,
        "fy": 578.23921875,
        "cx": 336.980830078125,
        "cy": 215.1156005859375
      }
    },
    {
      "rotation": [
        0.9878310665258926,
        -0.1538444419546024,
        -0.02283971282400522,
        0.15552699449223928,
        0.976097545417678,
        0.1518055220657,
        -0.0010606757322310092,
        -0.15351034009095627,
        0.9881464744026277
      ],
      "translation": [
        -0.00301573968116782,
        0.030515667719578032,
        0.02147799587246335
      ],
      "intrinsics": {
        "fx": 578.3818945312499,
        "fy": 578.23921875,
        "cx": 336.980830078125,
        "cy": 215.1156005859375
      }
    },
    {
      "rotation": [
        0.9848108637458025,
        -0.17214634409874022,
        -0.022654015314938315,
        0.17357306870230405,
        0.9727120278706146,
        0.1539599538360112,
        -0.0044678372352421804,
        -0.1555534647710128,
        0.9878173893829536
      ],
      "translation": [
        -0.0028008084332759656,
        0.03217309265429891,
        0.021254015606571475
      ],
      "intrinsics": {
        "fx": 578.3818945312499,
        "fy": 578.23921875,
        "cx": 336.980830078125,
        "cy": 215.1156005859375
      }
    },
    {
      "rotation": [
        0.9816023941843958,
        -0.18965783235576258,
        -0.02205804088520598,
        0.19076672584049464,
        0.9692974878988941,
        0.15514682937791874,
        -0.008043994698095296,
        -0.15650044122210233,
        0.9876450992620821
      ],
      "translation": [
        -0.0026200252199691867,
        0.03378910438676397,
        0.020747912015340875
      ],
      "intrinsics": {
        "fx": 578.3818945312499,
        "fy": 578.23921875,
        "cx": 336.980830078125,
        "cy": 215.1156005859375
      }
    },
    {
      "rotation": [
        0.9781675136422919,
        -0.20677963145491216,
        -0.020748535829013842,
        0.2074738935704226,
        0.9659251438224277,
        0.1547357259315705,
        -0.011954683578568711,
        -0.15566219989863064,
        0.987738060044714
      ],
      "translation": [
        -0.002445266677984781,
        0.03535799068475387,
        0.01998806953347243
      ],
      "intrinsics": {
        "fx": 578.3818945312499,
        "fy": 578.23921875,
        "cx": 336.980830078125,
        "cy": 215.1156005859375
      }
    },
    {
      "rotation": [
        0.9744923183081183,
        -0.22365613699192485,
