{
  "image_width": 672,
  "image_height": 480,
  "frames": [
    {
      "rotation": [
        0.9918221455803434,
        -0.12697884878114107,
        0.012852623056599679,
        0.10961946913633185,
        0.8991209796683165,
        0.42375121631655227,
        -0.06536354084306231,
        -0.41887693864521175,
        0.9056873711006357
      ],
      "translation": [
        0.035418327360505354,
        -0.01962671025503049,
        0.13167991548379532
      ],
      "intrinsics": {
        "fx": 578.3818945312499,
        "fy": 578.23921875,
        "cx": 336.980830078125,
        "cy": 215.1156005859375
      }
    },
    {
      "rotation": [
        0.9927750546893818,
        -0.11932469304730714,
        0.012622409319602538,
        0.10336453327951073,
        0.9038953890367515,
        0.41507720145621485,
        -0.06093830286353802,
        -0.41077365080454703,
        0.9096985564800093
      ],
      "translation": [
        0.03322347190349065,
        -0.021757402868479048,
        0.13074474062347985
      ],
      "intrinsics": {
        "fx": 578.3818945312499,
        "fy": 578.23921875,
        "cx": 336.980830078125,
        "cy": 215.1156005859375
      }
    },
    {
      "rotation": [
        0.9939200944274743,
        -0.10942245603582357,
        0.0122318534857968,
        0.09518746077853739,
        0.9097832750192971,
        0.4040220858170927,
        -0.055337458752831824,
        -0.4004013345327541,
        0.9146674137002381
      ],
      "translation": [
        0.030555387014300613,
        -0.02413644847814367,
        0.1299197989178793
      ],
      "intrinsics": {
        "fx": 578.3818945312499,
        "fy": 578.23921875,
        "cx": 336.980830078125,
        "cy": 215.1156005859375
      }
    },
    {
      "rotation": [
        0.9949564781803463,
        -0.09968550075997237,
        0.01115333305627419,
        0.08738996030982742,
        0.9160344938794341,
        0.3914638484840576,
        -0.04924013659464775,
        -0.38851479447762416,
        0.9201258602324232
      ],
      "translation": [
        0.027731153880314066,
        -0.026719247857365458,
        0.12908171071988916
      ],
      "intrinsics": {
        "fx": 578.3818945312499,
        "fy": 578.23921875,
        "cx": 336.980830078125,
        "cy": 215.1156005859375
      }
    },
    {
      "rotation": [
        0.9956315676343546,
        -0.09286341455366662,
        0.009701479994618501,
        0.08224487435420708,
        0.9214515851031378,
        0.3796879128798462,
        -0.044198560970028465,
        -0.3772313503027674,
        0.9250637257772146
      ],
      "translation": [
        0.025038112333384238,
        -0.02932034509705539,
        0.12810319584012553
      ],
      "intrinsics": {
        "fx": 578.3818945312499,
        "fy": 578.23921875,
        "cx": 336.980830078125,
        "cy": 215.1156005859375
      }
    },
    {
      "rotation": [
        0.9960413448611484,
        -0.08848413151037354,
        0.008489958761568547,
        0.07915510453606653,
        0.9263585510111838,
        0.3682314378252278,
        -0.04044735919098806,
        -0.36610172524298745,
        0.9296953918741044
      ],
      "translation": [
        0.022489584580751697,
        -0.03183089177608345,
        0.12713834009785407
      ],
      "intrinsics": {
        "fx": 578.3818945312499,
        "fy": 578.23921875,
        "cx": 336.980830078125,
        "cy": 215.1156005859375
      }
    },
    {
      "rotation": [
        0.9962870057540231,
        -0.08571867241987055,
        0.008025412383299447,
        0.07727612121517903,
        0.9314515582496955,
        0.3555651741764262,
        -0.0379538717754348,
        -0.3536249079381677,
        0.9346169132226905
      ],
      "translation": [
        0.020160041838475168,
        -0.03427946085006317,
        0.1261887193566038
      ],
      "intrinsics": {
        "fx": 578.3818945312499,
        "fy": 578.23921875,
        "cx": 336.980830078125,
        "cy": 215.1156005859375
      }
    },
    {
      "rotation": [
        0.9964250764618532,
        -0.08410647398064065,
        0.007947233660497138,
        0.07636262220132992,
        0.9369147155586528,
        0.3411154057263165,
        -0.036135902256784404,
        -0.3392891776930172,
        0.9399877725379285
      ],
      "translation": [
        0.018198493326723165,
        -0.03673455544806359,
        0.12501600795633716
      ],
      "intrinsics": {
        "fx": 578.3818945312499,
        "fy": 578.23921875,
        "cx": 336.980830078125,
        "cy": 215.1156005859375
      }
    },
    {
      "rotation": [
        0.9963778215997932,
        -0.08472398421705792,
        0.007290327933409135,
        0.07773090945022153,
        0.9421852114379938,
        0.3259526007831463,
        -0.03448484388789165,
        -0.3242053007879068,
        0.9453579722447449
      ],
      "translation": [
        0.016727137312034457,
        -0.03908464800432476,
        0.12341711632292385
      ],
      "intrinsics": {
        "fx": 578.3818945312499,
        "fy": 578.23921875,
        "cx": 336.980830078125,
        "cy": 215.1156005859375
      }
    },
    {
      "rotation": [
        0.9960626066819808,
        -0.08843550982196184,
        0.006201424747153596,
        0.08212415158352084,
        0.9467978296024198,
        0.3111744380425724,
        -0.03339039690213084,
        -0.3094399936408439,
        0.9503324688233592
      ],
      "translation": [
        0.01586308261992875,
        -0.04118364676278663,
        0.1213868445634898
      ],
      "intrinsics": {
        "fx": 578.3818945312499,
        "fy": 578.23921875,
        "cx": 336.980830078125,
        "cy": 215.1156005859375
      }
    },
    {
      "rotation": [
        0.9954514914940914,
        -0.0950868933287078,
        0.005895302812912863,
        0.08900531926472295,
        0.9502846056387259,
        0.29839128159753975,
        -0.03397531747992285,
        -0.2965093546940595,
        0.9544254287367128
      ],
      "translation": [
        0.01554770247778647,
        -0.04288547498491324,
        0.1191215724490049
      ],
      "intrinsics": {
        "fx": 578.3818945312499,
        "fy": 578.23921875,
        "cx": 336.980830078125,
        "cy": 215.1156005859375
      }
    },
    {
      "rotation": [
        0.9946265999167767,
        -0.10325464330796663,
        0.007493103213123471,
        0.09674487275353527,
        0.9528027239375352,
        0.28776297582799176,
        -0.03685234787364653,
        -0.28549187497301115,
        0.9576723015921631
      ],
      "translation": [
        0.015662063954359696,
        -0.04417248507258886,
        0.11696051964530674
      ],
      "intrinsics": {
        "fx": 578.3818945312499,
        "fy": 578.23921875,
        "cx": 336.980830078125,
        "cy": 215.1156005859375
      }
    },
    {
      "rotation": [
        0.993651102722039,
        -0.11198188039738229,
        0.010837649951987544,
        0.10450655721966487,
        0.9543879836227276,
        0.2796820074583461,
        -0.04166263366123492,
        -0.2767737996516017,
        0.9600314498868219
      ],
      "translation": [
        0.016106282909669686,
        -0.044990125747215615,
        0.11515235608026009
      ],
      "intrinsics": {
        "fx": 578.3818945312499,
        "fy": 578.23921875,
        "cx": 336.980830078125,
        "cy": 215.1156005859375
      }
    },
    {
      "rotation": [
        0.9925344792835746,
        -0.12108478622213271,
        0.014620234912877898,
        0.1124341537326451,
        0.954835007212411,
        0.27504340395963234,
        -0.04726346929373738,
        -0.2713463112306393,
        0.9613206410365929
      ],
      "translation": [
        0.016747898946493894,
        -0.04522323552773533,
        0.11387869312193999
      ],
      "intrinsics": {
        "fx": 578.3818945312499,
        "fy": 578.23921875,
        "cx": 336.980830078125,
        "cy": 215.1156005859375
      }
    },
    {
      "rotation": [
        0.991365643952138,
        -0.12993144047793875,
        0.017662273739949125,
        0.12013439975039378,
        0.95396907454454,
        0.2747923560331856,
        -0.05255343673968608,
        -0.27029788720996356,
        0.9613412884501813
      ],
      "translation": [
        0.017446895958612887,
        -0.04475451686048593,
        0.11312892598724833
      ],
      "intrinsics": {
        "fx": 578.3818945312499,
        "fy": 578.23921875,
        "cx": 336.980830078125,
        "cy": 215.1156005859375
      }
    },
    {
      "rotation": [
        0.9901356068814512,
        -0.13875249650224722,
        0.01947456132585338,
        0.1279375869572432,
        0.9519931951653131,
        0.27810243595206496,
        -0.0571270341023314,
        -0.2728676348839347,
        0.9603538922042012
      ],
      "translation": [
        0.018064332510885364,
        -0.04363014511380836,
        0.11263694916877642
      ],
      "intrinsics": {
        "fx": 578.3818945312499,
        "fy": 578.23921875,
        "cx": 336.980830078125,
        "cy": 215.1156005859375
      }
    },
    {
      "rotation": [
        0.9889371142033702,
        -0.1469054316582455,
        0.020545558515946895,
        0.1351631414430447,
        0.9494947816826175,
        0.2831795260565549,
        -0.06110850709450096,
        -0.2772697410662498,
        0.9588468016498246
      ],
      "translation": [
        0.018469265651103427,
        -0.041973931863927394,
        0.11193422593391666
      ],
      "intrinsics": {
        "fx": 578.3818945312499,
        "fy": 578.23921875,
        "cx": 336.980830078125,
        "cy": 215.1156005859375
      }
    },
    {
      "rotation": [
        0.987976825879946,
        -0.15311404523438804,
        0.021393894338864825,
        0.14052268932585166,
        0.9470635286482365,
        0.2886592642988188,
        -0.0644591722772228,
        -0.28218237388711814,
        0.9571927814740425
      ],
      "translation": [
        0.018452588041980092,
        -0.03990115788513804,
        0.11054496229128796
      ],
      "intrinsics": {
        "fx": 578.3818945312499,
        "fy": 578.23921875,
        "cx": 336.980830078125,
        "cy": 215.1156005859375
      }
    },
    {
      "rotation": [
        0.987345746508699,
        -0.15700350098585553,
        0.022322561898160603,
        0.14372140367892408,
        0.945405374188876,
        0.2924944546410901,
        -0.06702653682765984,
        -0.28558494172967447,
        0.9560065981747616
      ],
      "translation": [
        0.017922830340497672,
        -0.037626793105432155,
        0.1083586172169404
      ],
      "intrinsics": {
        "fx": 578.3818945312499,
        "fy": 578.23921875,
        "cx": 336.980830078125,
        "cy": 215.1156005859375
      }
    },
    {
      "rotation": [
        0.9870756421649899,
        -0.15845272467280452,
        0.023966436289994616,
        0.14452867767018945,
        0.9448080185645258,
        0.294022763977935,
        -0.0692324099752318,
        -0.28675890841094887,
        0.9554978571001146
      ],
      "translation": [
        0.017107382645572405,
        -0.035267150412221504,
        0.10556223908117746
      ],
      "intrinsics": {
        "fx": 578.3818945312499,
        "fy": 578.23921875,
        "cx": 336.980830078125,
        "cy": 215.1156005859375
      }
    },
    {
      "rotation": [
        0.9870814643940911,
        -0.1581101092623279,
        0.02590913125965046,
        0.1437167761059515,
        0.9452415254224562,
        0.2930258661064888,
        -0.0708207057004665,
        -0.28551682993260863,
        0.9557533864344888
      ],
      "translation": [
        0.01620835448206631,
        -0.032980295845515206,
        0.10233804765360976
      ],
      "intrinsics": {
        "fx": 578.3818945312499,
        "fy": 578.23921875,
        "cx": 336.980830078125,
        "cy": 215.1156005859375
      }
    },
    {
      "rotation": [
        0.987166812614713,
        -0.15737901421309422,
        0.027081764562582548,
        0.14293674171697737,
        0.9464126808648027,
        0.289607105713873,
        -0.07120859948455867,
        -0.2820195820267868,
        0.9567623467123849
      ],
      "translation": [
        0.015273133321985446,
        -0.030880309837173492,
        0.09876757367028666
      ],
      "intrinsics": {
        "fx": 578.3818945312499,
        "fy": 578.23921875,
        "cx": 336.980830078125,
        "cy": 215.1156005859375
      }
    },
    {
      "rotation": [
        0.9872453980115685,
        -0.15684747101423796,
        0.02730121102923339,
        0.14268513802858482,
        0.9477613256120409,
        0.28528868208129143,
        -0.07062180025564524,
        -0.2777544878166713,
        0.958052703531019
      ],
      "translation": [
        0.014323767704995098,
        -0.028862312894501363,
        0.09492704033510502
      ],
      "intrinsics": {
        "fx": 578.3818945312499,
        "fy": 578.23921875,
        "cx": 336.980830078125,
        "cy": 215.1156005859375
      }
    },
    {
      "rotation": [
        0.9874635134252098,
        -0.15544719492320586,
        0.027421594679337635,
        0.14157346221102507,
        0.9490160966423954,
        0.28164784779504687,
        -0.06980493101991463,
        -0.2742347918360731,
        0.9591259061168516
      ],
      "translation": [
        0.013394747295090177,
        -0.02678262254226027,
        0.09091934381845568
      ],
      "intrinsics": {
        "fx": 578.3818945312499,
        "fy": 578.23921875,
        "cx": 336.980830078125,
        "cy": 215.1156005859375
      }
    },
    {
      "rotation": [
        0.9878164966474463,
        -0.15315632856870845,
        0.027597764433400916,
        0.13952847414829805,
        0.9501589683628455,
        0.27880075459735293,
        -0.06892240600119148,
        -0.27155340232941677,
        0.959952279214464
      ],
      "translation": [
        0.012466909489165401,
        -0.02462096760938315,
        0.08690802145950816
      ],
      "intrinsics": {
        "fx": 578.3818945312499,
        "fy": 578.23921875,
        "cx": 336.980830078125,
        "cy": 215.1156005859375
      }
    },
    {
      "rotation": [
        0.9881290086526747,
        -0.15118136236892532,
        0.027300363342248668,
        0.13781248487050027,
        0.9508333533325763,
        0.2773514556275493,
        -0.06788846121575533,
        -0.27029675219898996,
        0.9603805219512543
      ],
      "translation": [
        0.011561518116122757,
        -0.022324289205761128,
        0.08317246697494873
      ],
      "intrinsics": {
        "fx": 578.3818945312499,
        "fy": 578.23921875,
        "cx": 336.980830078125,
        "cy": 215.1156005859375
      }
    },
    {
      "rotation": [
        0.9884927736000352,
        -0.14888831660243615,
        0.02672454698193121,
        0.1357346314045212,
        0.9510171370320968,
        0.2777454599936087,
        -0.0667685870622974,
        -0.2709219398801814,
        0.960282861624449
      ],
      "translation": [
        0.010736683212362007,
        -0.019873217006136645,
        0.07999195850999397
      ],
      "intrinsics": {
        "fx": 578.3818945312499,
        "fy": 578.23921875,
        "cx": 336.980830078125,
        "cy": 215.1156005859375
      }
    },
    {
      "rotation": [
        0.9890164514517322,
        -0.14530698037259757,
        0.02705994503341115,
        0.13206742254192255,
        0.9509790347351,
        0.2796377188117813,
        -0.06636678499117385,
        -0.2729926013548755,
        0.95972415181508
      ],
      "translation": [
        0.00999345194909269,
        -0.01732114312735278,
        0.07733881360503991
      ],
      "intrinsics": {
        "fx": 578.3818945312499,
        "fy": 578.23921875,
        "cx": 336.980830078125,
        "cy": 215.1156005859375
      }
    },
    {
      "rotation": [
        0.9895240905253392,
        -0.14145061361494898,
        0.028872463832756004,
        0.12763896641702183,
        0.950636477592203,
        0.2828402464962514,
        -0.06745510328019047,
        -0.276192029163848,
        0.958732304237425
      ],
      "translation": [
        0.009296875145880654,
        -0.014758872315171034,
        0.07492186814391633
      ],
      "intrinsics": {
        "fx": 578.3818945312499,
        "fy": 578.23921875,
        "cx": 336.980830078125,
        "cy": 215.1156005859375
      }
    },
    {
      "rotation": [
        0.9899578323503725,
        -0.13785199504040435,
        0.031311414708126116,
        0.12330022360875056,
        0.9503519722400444,
        0.2857066838242407,
        -0.06914209978473823,
        -0.2789769241145324,
        0.9578053514485053
      ],
      "translation": [
        0.008634373051452492,
        -0.01244121239050755,
        0.07277015782066942
      ],
      "intrinsics": {
        "fx": 578.3818945312499,
        "fy": 578.23921875,
        "cx": 336.980830078125,
        "cy": 215.1156005859375
      }
    },
    {
      "rotation": [
        0.9904451196100774,
        -0.13370166207636225,
        0.03379491962662103,
        0.1184863984238063,
        0.9504120283135943,
        0.2875380538804543,
        -0.07056344599039205,
        -0.28078653066567644,
        0.9571727353414873
      ],
      "translation": [
        0.007996371853573776,
        -0.010502418265662117,
        0.0713513277714759
      ],
      "intrinsics": {
        "fx": 578.3818945312499,
        "fy": 578.23921875,
        "cx": 336.980830078125,
        "cy": 215.1156005859375
      }
    },
    {
      "rotation": [
        0.9911165199517755,
        -0.12813093023404826,
        0.035643969859298436,
        0.11236761466527491,
        0.9501195601508459,
        0.29094040665424026,
        -0.07114453226684768,
        -0.28435064154811757,
        0.9560768993951442
      ],
      "translation": [
        0.007319593576107845,
        -0.008750765318214171,
        0.07107087808140533
      ],
      "intrinsics": {
        "fx": 578.3818945312499,
        "fy": 578.23921875,
        "cx": 336.980830078125,
        "cy": 215.1156005859375
      }
    },
    {
      "rotation": [
        0.9919769002642764,
        -0.12119249877215435,
        0.03597419546852661,
        0.10511800063426129,
        0.9488126633207298,
        0.29783372236020705,
        -0.0702279982399596,
        -0.2916627177336588,
        0.9539396294822883
      ],
      "translation": [
        0.006654509798792844,
        -0.007010313657179745,
        0.07206313749258397
      ],
      "intrinsics": {
        "fx": 578.3818945312499,
        "fy": 578.23921875,
        "cx": 336.980830078125,
        "cy": 215.1156005859375
      }
    },
    {
      "rotation": [
        0.9929688111393171,
        -0.11344622282383376,
        0.033808040712613764,
        0.09761099909243731,
        0.9462550102377935,
        0.3083403009773366,
        -0.06697106312417783,
        -0.30287223496633625,
        0.950675128123025
      ],
      "translation": [
        0.006139969326667704,
        -0.005204151931092804,
        0.07430242516603891
      ],
      "intrinsics": {
        "fx": 578.3818945312499,
        "fy": 578.23921875,
        "cx": 336.980830078125,
        "cy": 215.1156005859375
      }
    },
    {
      "rotation": [
        0.9938957237128605,
        -0.10643435152655248,
        0.029035212341894337,
        0.09147484436131954,
        0.9421619324498772,
        0.32243340893980055,
        -0.06167384672316401,
        -0.31780923084767365,
        0.9461467024538613
      ],
      "translation": [
        0.005761826367248141,
        -0.003206036877197338,
        0.07769887946700949
      ],
      "intrinsics": {
        "fx": 578.3818945312499,
        "fy": 578.23921875,
        "cx": 336.980830078125,
        "cy": 215.1156005859375
      }
    },
    {
      "rotation": [
        0.9947655662177702,
        -0.09966145102657807,
        0.022560162922758628,
        0.08616297824428872,
        0.9367942793719252,
        0.3391053959745192,
        -0.05492998133090618,
        -0.3353865378652002,
        0.9404778142362903
      ],
      "translation": [
        0.0054068678932325896,
        -0.000985336418608762,
        0.08202372144114412
      ],
      "intrinsics": {
        "fx": 578.3818945312499,
        "fy": 578.23921875,
        "cx": 336.980830078125,
        "cy": 215.1156005859375
      }
    },
    {
      "rotation": [
        0.9956619916545647,
        -0.09176887504842454,
        0.015351833412784899,
        0.08028931180613538,
        0.9307777191391475,
        0.3566602921329813,
        -0.047019453696562824,
        -0.35388050785187375,
        0.9341079906815865
      ],
      "translation": [
        0.00499327431028696,
        0.0013820865359288614,
        0.08688203775416614
      ],
      "intrinsics": {
        "fx": 578.3818945312499,
        "fy": 578.23921875,
        "cx": 336.980830078125,
        "cy": 215.1156005859375
      }
    },
    {
      "rotation": [
        0.9964876121121717,
        -0.08336382711182823,
        0.007925637725790653,
        0.07432636654445966,
        0.9240978591247506,
        0.3748585309898031,
        -0.03857373876973833,
        -0.3729528848143855,
        0.927048074167904
      ],
      "translation": [
        0.004503042997448329,
        0.003893087942388185,
        0.09177646574937226
      ],
      "intrinsics": {
        "fx": 578.3818945312499,
        "fy": 578.23921875,
        "cx": 336.980830078125,
        "cy": 215.1156005859375
      }
    },
    {
      "rotation": [
        0.9970941370093565,
        -0.07617906445161968,
        -4.030459156550286e-05,
        0.0700558709381188,
        0.9167411848816865,
        0.39329110313059673,
        -0.029923608929751964,
        -0.39215108394280446,
        0.9194139662364902
      ],
      "translation": [
        0.003977648278206288,
        0.006445766005554576,
        0.09607986600191198
      ],
      "intrinsics": {
        "fx": 578.3818945312499,
        "fy": 578.23921875,
        "cx": 336.980830078125,
        "cy": 215.1156005859375
      }
    },
    {
      "rotation": [
        0.9974730196761453,
        -0.07050756557215941,
        -0.00872776931217436,
        0.0678986070915113,
        0.9099102133199186,
        0.40921053108525046,
        -0.02091097000541816,
        -0.4087690811446861,
        0.9123982014661055
      ],
      "translation": [
        0.0034181989403083146,
        0.008815565854959795,
        0.09932305413625087
      ],
      "intrinsics": {
        "fx": 578.3818945312499,
        "fy": 578.23921875,
        "cx": 336.980830078125,
        "cy": 215.1156005859375
      }
    },
    {
      "rotation": [
        0.9976968764778923,
        -0.0658042638358429,
        -0.01645250502288042,
        0.06659602448881229,
        0.9042446476030043,
        0.4217899901245073,
        -0.012878471341779428,
        -0.4219143108919923,
        0.9065442087769208
      ],
      "translation": [
        0.0028905620456666573,
        0.01097880598585399,
        0.10124094482026669
      ],
      "intrinsics": {
        "fx": 578.3818945312499,
        "fy": 578.23921875,
        "cx": 336.980830078125,
        "cy": 215.1156005859375
      }
    },
    {
      "rotation": [
        0.9978637238279146,
        -0.06174653551816348,
        -0.021338880013194027,
        0.06491235501028746,
        0.9002413092482137,
        0.430525469585474,
        -0.007373311606250192,
        -0.430990950434885,
        0.9023260622308297
      ],
      "translation": [
        0.002457877239322599,
        0.012844730948419203,
        0.10169450517882672
      ],
      "intrinsics": {
        "fx": 578.3818945312499,
        "fy": 578.23921875,
        "cx": 336.980830078125,
        "cy": 215.1156005859375
      }
    },
    {
      "rotation": [
        0.9980507424854269,
        -0.057838456600428044,
        -0.023439343415438844,
        0.06228105091752006,
        0.8992176725696572,
        0.43304582488747284,
        -0.003969616233269902,
        -0.43366152138961817,
        0.9010670326137806
      ],
      "translation": [
        0.002071414429916058,
        0.01424325285953043,
        0.10085954780736239
      ],
      "intrinsics": {
        "fx": 578.3818945312499,
        "fy": 578.23921875,
        "cx": 336.980830078125,
        "cy": 215.1156005859375
      }
    },
    {
      "rotation": [
        0.9982497659652725,
        -0.054212362344901,
        -0.023630075166223122,
        0.05910283337575062,
        0.9006820504475544,
        0.430440259698025,
        -0.0020520292716598265,
        -0.43108349207989943,
        0.902309650431028
      ],
      "translation": [
        0.0016969305256664263,
        0.01528734382444874,
        0.098937542042832
      ],
      "intrinsics": {
        "fx": 578.3818945312499,
        "fy": 578.23921875,
        "cx": 336.980830078125,
        "cy": 215.1156005859375
      }
    },
    {
      "rotation": [
        0.9984663087065222,
        -0.05036963953477122,
        -0.022978083688009503,
        0.055359300150863905,
        0.903378858617913,
        0.42525545230461553,
        -0.0006620589479264129,
        -0.42587528165614574,
        0.904781595369247
      ],
      "translation": [
        0.001355345751380136,
        0.016182979490489524,
        0.09614332345395904
      ],
      "intrinsics": {
        "fx": 578.3818945312499,
        "fy": 578.23921875,
        "cx": 336.980830078125,
        "cy": 215.1156005859375
      }
    },
    {
      "rotation": [
        0.9986638702198762,
        -0.04642047062774275,
        -0.02270550075704417,
        0.05166363023327863,
        0.9064594804741894,
        0.41912065713504004,
        0.0011258297050453904,
        -0.4197337242527918,
        0.9076465449237632
      ],
      "translation": [
        0.0010619349924011565,
        0.017107164754451176,
        0.09277233052137879
      ],
      "intrinsics": {
        "fx": 578.3818945312499,
        "fy": 578.23921875,
        "cx": 336.980830078125,
        "cy": 215.1156005859375
      }
    },
    {
      "rotation": [
        0.9987763150822737,
        -0.04385618045620616,
        -0.02286186324081191,
        0.04938474295064689,
        0.9093999415135936,
        0.4129806471577901,
        0.002678809479772628,
        -0.4136043088962874,
        0.9104527401127498
      ],
      "translation": [
        0.0008963290920252567,
        0.0181922297377608,
        0.08911244693009857
      ],
      "intrinsics": {
        "fx": 578.3818945312499,
        "fy": 578.23921875,
        "cx": 336.980830078125,
        "cy": 215.1156005859375
      }
    },
    {
      "rotation": [
        0.9988258706645612,
        -0.043072547647586,
        -0.022175225082975068,
        0.048370002239527914,
        0.912229872989336,
        0.40681337301255827,
        0.0027063959501370896,
        -0.4074083447666303,
        0.9132420348194449
      ],
      "translation": [
        0.0009581171937386012,
        0.019450154924131713,
        0.0853171833344557
      ],
      "intrinsics": {
        "fx": 578.3818945312499,
        "fy": 578.23921875,
        "cx": 336.980830078125,
        "cy": 215.1156005859375
      }
    },
    {
      "rotation": [
        0.9988567148624533,
        -0.04343194849730333,
        -0.019971381262357955,
        0.04779685890908491,
        0.9144046924291782,
        0.4019696830837063,
        0.0008035707078350133,
        -0.4024647525343466,
        0.9154350449792488
      ],
      "translation": [
        0.0012527103537135053,
        0.020958672242652465,
        0.08144224726950244
      ],
      "intrinsics": {
        "fx": 578.3818945312499,
        "fy": 578.23921875,
        "cx": 336.980830078125,
        "cy": 215.1156005859375
      }
    },
    {
      "rotation": [
        0.9988660780355473,
        -0.04441513663601567,
        -0.017141334051644128,
        0.04756525669012874,
        0.9157696619374458,
        0.39887788298929183,
        -0.0020187047074466257,
        -0.3992409455832755,
        0.9168438089095028
      ],
      "translation": [
        0.0016370505361711519,
        0.022751365381886712,
        0.07766091091786032
      ],
      "intrinsics": {
        "fx": 578.3818945312499,
        "fy": 578.23921875,
        "cx": 336.980830078125,
        "cy": 215.1156005859375
      }
    },
    {
      "rotation": [
        0.9988556017547038,
        -0.04539681194313525,
        -0.01505175598069807,
        0.04764332439051898,
        0.9169038133169829,
        0.39625448466989327,
        -0.004187715543279059,
        -0.3965181790028933,
        0.9180172815201562
      ],
      "translation": [
        0.001930542424314341,
        0.024673445414619133,
        0.07411820624213128
      ],
      "intrinsics": {
        "fx": 578.3818945312499,
        "fy": 578.23921875,
        "cx": 336.980830078125,
        "cy": 215.1156005859375
      }
    },
    {
      "rotation": [
        0.9988308142107652,
        -0.04633070499358415,
        -0.013802438373781927,
        0.048020872925729374,
        0.917976770565321,
        0.39371658232923706,
        -0.005570879620537077,
        -0.39391912535595214,
        0.9191282252088826
      ],
      "translation": [
        0.002062713804168226,
        0.026586933506451915,
        0.07078736634125216
      ],
      "intrinsics": {
        "fx": 578.3818945312499,
        "fy": 578.23921875,
        "cx": 336.980830078125,
        "cy": 215.1156005859375
      }
    },
    {
      "rotation": [
        0.998787017027893,
        -0.0477244937349425,
        -0.012118850214091917,
        0.048667489787169595,
        0.9194300875911332,
        0.390230605610738,
        -0.007481126855980868,
        -0.3903470652348496,
        0.9206373297206351
      ],
      "translation": [
        0.0020659998773131256,
        0.02826518899056496,
        0.06768211825630366
      ],
      "intrinsics": {
        "fx": 578.3818945312499,
        "fy": 578.23921875,
        "cx": 336.980830078125,
        "cy": 215.1156005859375
      }
    },
    {
      "rotation": [
        0.9987585840616864,
        -0.04885532576721568,
        -0.009711674051024811,
        0.04881468715912531,
        0.9211898862694489,
        0.38603941253846147,
        -0.009913797999979108,
        -0.3860342907942503,
        0.9224311078051464
      ],
      "translation": [
        0.0020105935933650027,
        0.02957216568985377,
        0.06483907837667124
      ],
      "intrinsics": {
        "fx": 578.3818945312499,
        "fy": 578.23921875,
        "cx": 336.980830078125,
        "cy": 215.1156005859375
      }
    },
    {
      "rotation": [
        0.9987728646216153,
        -0.0489786678359514,
        -0.007333144030479981,
        0.0480808812937708,
        0.9234784096157871,
        0.3806257503543922,
        -0.011870560179165832,
        -0.3805112905005513,
        0.9247000224931718
      ],
      "translation": [
        0.001941819124533277,
        0.030393440496071955,
        0.06234407861665536
      ],
      "intrinsics": {
        "fx": 578.3818945312499,
        "fy": 578.23921875,
        "cx": 336.980830078125,
        "cy": 215.1156005859375
      }
    },
    {
      "rotation": [
        0.998789230956626,
        -0.04893696267923807,
        -0.005022725977124719,
        0.047273573456446116,
        0.9265322635028184,
        0.3732335111464954,
        -0.013611155785910968,
        -0.3730190977599214,
        0.9277237661018957
      ],
      "translation": [
        0.0019011601410895158,
        0.030601388145863107,
        0.060138305116097523
      ],
      "intrinsics": {
        "fx": 578.3818945312499,
        "fy": 578.23921875,
        "cx": 336.980830078125,
        "cy": 215.1156005859375
      }
    },
    {
      "rotation": [
        0.9987408640924511,
        -0.05009814526660942,
        -0.0026016837239232786,
        0.0475923725980268,
        0.9298383155412885,
        0.3648778585106106,
        -0.01586056916796506,
        -0.3645423089602825,
        0.9310517194819051
      ],
      "translation": [
        0.0019329531797794286,
        0.03014126782621873,
        0.058073666873866614
      ],
      "intrinsics": {
        "fx": 578.3818945312499,
        "fy": 578.23921875,
        "cx": 336.980830078125,
        "cy": 215.1156005859375
      }
    },
    {
      "rotation": [
        0.9985734271680173,
        -0.05339443406879532,
        -0.00018448929046016308,
        0.04996418823068038,
        0.9331930972555847,
        0.3558852494233989,
        -0.018830182600508037,
        -0.3553867940613252,
        0.9345295653415423
      ],
      "translation": [
        0.002085301650147881,
        0.028944241131986903,
        0.05623550838824798
      ],
      "intrinsics": {
        "fx": 578.3818945312499,
        "fy": 578.23921875,
        "cx": 336.980830078125,
        "cy": 215.1156005859375
      }
    },
    {
      "rotation": [
        0.9982942289800947,
        -0.058330887283583634,
        0.0024636270790220184,
        0.053877168421584805,
        0.9366855380386635,
        0.3460022490754274,
        -0.0224902611466396,
        -0.34527940885931646,
        0.9382303956135728
      ],
      "translation": [
        0.002364263938399013,
        0.026962683895666473,
        0.054883109904646954
      ],
      "intrinsics": {
        "fx": 578.3818945312499,
        "fy": 578.23921875,
        "cx": 336.980830078125,
        "cy": 215.1156005859375
      }
    },
    {
      "rotation": [
        0.9979368670716031,
        -0.06389716038894211,
        0.006261854535116092,
        0.058105935382094326,
        0.9403427358929639,
        0.3352302518050507,
        -0.027308566105606082,
        -0.3341748027812641,
        0.9421153402346446
      ],
      "translation": [
        0.0027140818420228925,
        0.02422658426436275,
        0.05427216514615929
      ],
      "intrinsics": {
        "fx": 578.3818945312499,
        "fy": 578.23921875,
        "cx": 336.980830078125,
        "cy": 215.1156005859375
      }
    },
    {
      "rotation": [
        0.9976056687346062,
        -0.06820549771296343,
        0.011443080046219642,
        0.06078514265993509,
        0.9436509677433488,
        0.32531236632715027,
        -0.03298632549893225,
        -0.32383795735852233,
        0.9455373176732529
      ],
      "translation": [
        0.0030504461527448307,
        0.020989776518325787,
        0.054495709731786635
      ],
      "intrinsics": {
        "fx": 578.3818945312499,
        "fy": 578.23921875,
        "cx": 336.980830078125,
        "cy": 215.1156005859375
      }
    },
    {
      "rotation": [
        0.9972974213173857,
        -0.07153237202294788,
        0.016762822930129928,
        0.06255765945749596,
        0.9464184155086625,
        0.31682623717033476,
        -0.03852801097034639,
        -0.31492135824817535,
        0.9483354291753129
      ],
      "translation": [
        0.0033455871880725113,
        0.017459900649101412,
        0.05543581443084067
      ],
      "intrinsics": {
        "fx": 578.3818945312499,
        "fy": 578.23921875,
        "cx": 336.980830078125,
        "cy": 215.1156005859375
      }
    },
    {
      "rotation": [
        0.9969026230322777,
        -0.07595479973846156,
        0.020398959711114013,
        0.06593900444846229,
        0.9485870603184503,
        0.3095719839388191,
        -0.042863668899353516,
        -0.3072681310819774,
        0.9506570874006496
      ],
      "translation": [
        0.0037197180748573117,
        0.013759510368690275,
        0.05685155330684877
      ],
      "intrinsics": {
        "fx": 578.3818945312499,
        "fy": 578.23921875,
        "cx": 336.980830078125,
        "cy": 215.1156005859375
      }
    },
    {
      "rotation": [
        0.9964486912028572,
        -0.08123162296106241,
        0.02216648434770238,
        0.07076940667694714,
        0.9505936923830315,
        0.3022638245826727,
        -0.045624743010353526,
        -0.2996217238951907,
        0.9529664972338021
      ],
      "translation": [
        0.00426878537788012,
        0.00988261208115171,
        0.058743525001400565
      ],
      "intrinsics": {
        "fx": 578.3818945312499,
        "fy": 578.23921875,
        "cx": 336.980830078125,
        "cy": 215.1156005859375
      }
    },
    {
      "rotation": [
        0.9959612819930649,
        -0.08645490670454765,
        0.024217609017708978,
        0.07550137173102768,
        0.952458416125357,
        0.2951655332170774,
        -0.04858481371974671,
        -0.29214506306325394,
        0.9551391284292792
      ],
      "translation": [
        0.005041104171779491,
        0.0058638431284459,
        0.0611297989696975
      ],
      "intrinsics": {
        "fx": 578.3818945312499,
        "fy": 578.23921875,
        "cx": 336.980830078125,
        "cy": 215.1156005859375
      }
    },
    {
      "rotation": [
        0.9953823916161209,
        -0.09188345006038152,
        0.02777188447383104,
        0.07987575730092968,
        0.9533197991511001,
        0.2912067414397143,
        -0.05323257598073859,
        -0.2876438125162602,
        0.9562568918843818
      ],
      "translation": [
        0.0060079155126717375,
        0.00199663166214048,
        0.06392847918687194
      ],
      "intrinsics": {
        "fx": 578.3818945312499,
        "fy": 578.23921875,
        "cx": 336.980830078125,
        "cy": 215.1156005859375
      }
    },
    {
      "rotation": [
        0.9947104292123907,
        -0.0975669439903427,
        0.03212273563488855,
        0.08405619355991696,
        0.9529037049801844,
        0.2913917653008753,
        -0.059040120185212486,
        -0.2871503339779099,
        0.9560642390769919
      ],
      "translation": [
        0.0070998613244283165,
        -0.0015102441190191218,
        0.06711132826163468
      ],
      "intrinsics": {
        "fx": 578.3818945312499,
        "fy": 578.23921875,
        "cx": 336.980830078125,
        "cy": 215.1156005859375
      }
    },
    {
      "rotation": [
        0.9940146913483405,
        -0.10327729021908474,
        0.03561661179014154,
        0.08835873401106031,
        0.9517623688752532,
        0.29383889505632566,
        -0.06424542445566594,
        -0.2889331846877638,
        0.9551911497878438
      ],
      "translation": [
        0.008225638150902326,
        -0.004708783172150399,
        0.07071625672762827
      ],
      "intrinsics": {
        "fx": 578.3818945312499,
        "fy": 578.23921875,
        "cx": 336.980830078125,
        "cy": 215.1156005859375
      }
    },
    {
      "rotation": [
        0.9934394251702974,
        -0.10808502028823876,
        0.03735934096461445,
        0.09224061699684101,
        0.9504377774184158,
        0.2969172683621916,
        -0.0676000121773764,
        -0.29152327678263656,
        0.9541720681729042
      ],
      "translation": [
        0.00932872839899377,
        -0.0077105200396527795,
        0.07469330962043808
      ],
      "intrinsics": {
        "fx": 578.3818945312499,
        "fy": 578.23921875,
        "cx": 336.980830078125,
        "cy": 215.1156005859375
      }
    },
    {
      "rotation": [
        0.9930186153344088,
        -0.1116496338880862,
        0.03805785981418965,
        0.09518876861945873,
