{
  "image_width": 672,
  "image_height": 480,
  "frames": [
    {
      "rotation": [
        0.9978510243895831,
        0.059037840469048454,
        0.02842512373409317,
        -0.05767247159843075,
        0.9972440319231328,
        -0.04667017580209545,
        -0.031102146779216293,
        0.0449305489918747,
        0.9985058770999075
      ],
      "translation": [
        -0.02895943976396396,
        -0.048733659324903145,
        0.016072886118464247
      ],
      "intrinsics": {
        "fx": 578.3818945312499,
        "fy": 578.23921875,
        "cx": 336.980830078125,
        "cy": 215.1156005859375
      }
    },
    {
      "rotation": [
        0.9982846094751461,
        0.050044170452624485,
        0.030388079582314605,
        -0.04847837269889634,
        0.9975596383483072,
        -0.050244758781879624,
        -0.03282840196842316,
        0.048685446473097096,
        0.9982745355124983
      ],
      "translation": [
        -0.02841539488694824,
        -0.052024202417285226,
        0.01733751608407408
      ],
      "intrinsics": {
        "fx": 578.3818945312499,
        "fy": 578.23921875,
        "cx": 336.980830078125,
        "cy": 215.1156005859375
      }
    },
    {
      "rotation": [
        0.9986953323730877,
        0.03973578072296825,
        0.03207701902811244,
        -0.03801937157574976,
        0.9978993820085079,
        -0.05245307796864943,
        -0.03409390501810098,
        0.051165110104333604,
        0.9981080981635997
      ],
      "translation": [
        -0.02743749596680746,
        -0.05517745001306784,
        0.01875408742501361
      ],
      "intrinsics": {
        "fx": 578.3818945312499,
        "fy": 578.23921875,
        "cx": 336.980830078125,
        "cy": 215.1156005859375
      }
    },
    {
      "rotation": [
        0.9990164941124738,
        0.02870441754155199,
        0.03379562742379482,
        -0.026896099228466575,
        0.9982428939414341,
        -0.052798376252283584,
        -0.035251841366896394,
        0.05183752066721928,
        0.9980331924062288
      ],
      "translation": [
        -0.02611864154259143,
        -0.05812531500494056,
        0.02034796065018485
      ],
      "intrinsics": {
        "fx": 578.3818945312499,
        "fy": 578.23921875,
        "cx": 336.980830078125,
        "cy": 215.1156005859375
      }
    },
    {
      "rotation": [
        0.9992182222523298,
        0.016915175807818265,
        0.03573195012426216,
        -0.015107428618551138,
        0.9986214020850955,
        -0.05026939118015838,
        -0.036533033307192014,
        0.04969030231485866,
        0.9980963564342099
      ],
      "translation": [
        -0.024504647619954117,
        -0.0607508381580707,
        0.02220159371996644
      ],
      "intrinsics": {
        "fx": 578.3818945312499,
        "fy": 578.23921875,
        "cx": 336.980830078125,
        "cy": 215.1156005859375
      }
    },
    {
      "rotation": [
        0.9992822922290616,
        0.005282259499202974,
        0.03751082137959545,
        -0.003600909746074403,
        0.9989917899230971,
        -0.04474994400785096,
        -0.037709413375293564,
        0.04458271571055476,
        0.9982937429990626
      ],
      "translation": [
        -0.022695713857985734,
        -0.06301004551325617,
        0.024349557974760794
      ],
      "intrinsics": {
        "fx": 578.3818945312499,
        "fy": 578.23921875,
        "cx": 336.980830078125,
        "cy": 215.1156005859375
      }
    },
    {
      "rotation": [
        0.999223831320261,
        -0.005551216329450842,
        0.03900108389745945,
        0.007003072965808799,
        0.9992837084392604,
        -0.037188057032746524,
        -0.03876671794252789,
        0.037432320292991386,
        0.9985469736220423
      ],
      "translation": [
        -0.02085496337298921,
        -0.06491194625093744,
        0.02675098087518646
      ],
      "intrinsics": {
        "fx": 578.3818945312499,
        "fy": 578.23921875,
        "cx": 336.980830078125,
        "cy": 215.1156005859375
      }
    },
    {
      "rotation": [
        0.9990733071100737,
        -0.015836825251556285,
        0.04002185547314011,
        0.01702714508497543,
        0.9994173728830132,
        -0.02957813007165797,
        -0.039530192112879094,
        0.030232214638818155,
        0.9987609731219698
      ],
      "translation": [
        -0.019153599306794156,
        -0.06655019699689857,
        0.029259547100340955
      ],
      "intrinsics": {
        "fx": 578.3818945312499,
        "fy": 578.23921875,
        "cx": 336.980830078125,
        "cy": 215.1156005859375
      }
    },
    {
      "rotation": [
        0.998872283335978,
        -0.024918581876909707,
        0.04041511684993618,
        0.025859924354361782,
        0.9994023391514351,
        -0.022938820242347106,
        -0.039819421628690156,
        0.023958106055797526,
        0.998919689869314
      ],
      "translation": [
        -0.01764748834503673,
        -0.067947933953033,
        0.031669225876859386
      ],
      "intrinsics": {
        "fx": 578.3818945312499,
        "fy": 578.23921875,
        "cx": 336.980830078125,
        "cy": 215.1156005859375
      }
    },
    {
      "rotation": [
        0.9986631793494256,
        -0.0322837023044794,
        0.04037004779585909,
        0.032947808995508025,
        0.9993306310794002,
        -0.01589438506502937,
        -0.03982993029201192,
        0.01720327764831371,
        0.9990584552358522
      ],
      "translation": [
        -0.01634622711729304,
        -0.06895088650688352,
        0.033750755054569925
      ],
      "intrinsics": {
        "fx": 578.3818945312499,
        "fy": 578.23921875,
        "cx": 336.980830078125,
        "cy": 215.1156005859375
      }
    },
    {
      "rotation": [
        0.998491230728595,
        -0.037450550863801293,
        0.04016049441734637,
        0.037839279037870634,
        0.9992436110212397,
        -0.008963298541169985,
        -0.03979450608410065,
        0.010469463950298593,
        0.9991530688908541
      ],
      "translation": [
        -0.015229599174948616,
        -0.0695662082339299,
        0.03530137730825178
      ],
      "intrinsics": {
        "fx": 578.3818945312499,
        "fy": 578.23921875,
        "cx": 336.980830078125,
        "cy": 215.1156005859375
      }
    },
    {
      "rotation": [
        0.9983733287767653,
        -0.040910690472661604,
        0.039713087545379694,
        0.04113505342163545,
        0.9991417883235789,
        -0.004848677260791703,
        -0.03948068460231807,
        0.006474421327055567,
        0.999199376180193
      ],
      "translation": [
        -0.014212325168909266,
        -0.06998122749163749,
        0.036244183161642685
      ],
      "intrinsics": {
        "fx": 578.3818945312499,
        "fy": 578.23921875,
        "cx": 336.980830078125,
        "cy": 215.1156005859375
      }
    },
    {
      "rotation": [
        0.9982765447485143,
        -0.04412594263815805,
        0.03868935923538264,
        0.044303090443560456,
        0.9990111900798886,
        -0.0037323893947767994,
        -0.03848641418127934,
        0.005440013974128878,
        0.9992443642590753
      ],
      "translation": [
        -0.013170030056833053,
        -0.07024144263069032,
        0.0366804392728981
      ],
      "intrinsics": {
        "fx": 578.3818945312499,
        "fy": 578.23921875,
        "cx": 336.980830078125,
        "cy": 215.1156005859375
      }
    },
    {
      "rotation": [
        0.9981215082445677,
        -0.04848344403443059,
        0.03745601112889972,
        0.04863564770528161,
        0.9988115583410466,
        -0.0031621252827388206,
        -0.037258203548303774,
        0.004977932097937317,
        0.9992933465538832
      ],
      "translation": [
        -0.01203622709814304,
        -0.07020967185727556,
        0.03675249231281952
      ],
      "intrinsics": {
        "fx": 578.3818945312499,
        "fy": 578.23921875,
        "cx": 336.980830078125,
        "cy": 215.1156005859375
      }
    },
    {
      "rotation": [
        0.997895079567533,
        -0.05361942935259052,
        0.036475381505881206,
        0.05374934720837026,
        0.9985510790765458,
        -0.00258975408931651,
        -0.03628369119300286,
        0.004544781833764704,
        0.9993312210852567
      ],
      "translation": [
        -0.010846866980832134,
        -0.06989063306467413,
        0.0364207033566144
      ],
      "intrinsics": {
        "fx": 578.3818945312499,
        "fy": 578.23921875,
        "cx": 336.980830078125,
        "cy": 215.1156005859375
      }
    },
    {
      "rotation": [
        0.9976317797768182,
        -0.058656233497862954,
        0.0359222808072634,
        0.058837589481832334,
        0.9982595099050572,
        -0.004011552786827791,
        -0.03562450377680561,
        0.006115700856240079,
        0.9993466138904322
      ],
      "translation": [
        -0.009635381363645685,
        -0.06949273563859404,
        0.035563055419445044
      ],
      "intrinsics": {
        "fx": 578.3818945312499,
        "fy": 578.23921875,
        "cx": 336.980830078125,
        "cy": 215.1156005859375
      }
    },
    {
      "rotation": [
        0.9973626018073617,
        -0.06308011641154194,
        0.03590091801509234,
        0.06340049190224806,
        0.9979572456671947,
        -0.007855309961050433,
        -0.035332109548067404,
        0.010110712555978844,
        0.9993245315008574
      ],
      "translation": [
        -0.008399408945681194,
        -0.06912543191615772,
        0.03426211394660261
      ],
      "intrinsics": {
        "fx": 578.3818945312499,
        "fy": 578.23921875,
        "cx": 336.980830078125,
        "cy": 215.1156005859375
      }
    },
    {
      "rotation": [
        0.9971756147730412,
        -0.06599645419013732,
        0.035851842739356925,
        0.06644017473338036,
        0.9977261348203628,
        -0.011328598229101459,
        -0.03502271003208672,
        0.01367859972014223,
        0.9992929801734481
      ],
      "translation": [
        -0.0072140008890372274,
        -0.06858913382910359,
        0.032815671149670544
      ],
      "intrinsics": {
        "fx": 578.3818945312499,
        "fy": 578.23921875,
        "cx": 336.980830078125,
        "cy": 215.1156005859375
      }
    },
    {
      "rotation": [
        0.9970927297221371,
        -0.06735998625922326,
        0.03562067556065844,
        0.06785591083279875,
        0.997611682123918,
        -0.012900389480807798,
        -0.0346666769456469,
        0.015280021729135295,
        0.9992821789647808
      ],
      "translation": [
        -0.006222968491469378,
        -0.06770860162878756,
        0.03149074878799385
      ],
      "intrinsics": {
        "fx": 578.3818945312499,
        "fy": 578.23921875,
        "cx": 336.980830078125,
        "cy": 215.1156005859375
      }
    },
    {
      "rotation": [
        0.997085580917667,
        -0.06763429310556035,
        0.03529871675095564,
        0.06812831309502411,
        0.9975920653125789,
        -0.012984254556580482,
        -0.0343355405212343,
        0.015351251229867125,
        0.999292539114045
      ],
      "translation": [
        -0.005558144275490562,
        -0.06647090140989842,
        0.030288542600646284
      ],
      "intrinsics": {
        "fx": 578.3818945312499,
        "fy": 578.23921875,
        "cx": 336.980830078125,
        "cy": 215.1156005859375
      }
    },
    {
      "rotation": [
        0.9972186814986702,
        -0.0660734495350075,
        0.03448710045073662,
        0.06651767123136801,
        0.9977143102070505,
        -0.011894691487644986,
        -0.0336223515706187,
        0.014155624502140935,
        0.9993344159399586
      ],
      "translation": [
        -0.005283975150159572,
        -0.06482972581948399,
        0.029123050129130856
      ],
      "intrinsics": {
        "fx": 578.3818945312499,
        "fy": 578.23921875,
        "cx": 336.980830078125,
        "cy": 215.1156005859375
      }
    },
    {
      "rotation": [
        0.9975663363597346,
        -0.06155757467177844,
        0.03274338024440645,
        0.06195454776526048,
        0.9980155457456474,
        -0.011249559154068731,
        -0.03198592685656785,
        0.013250846911107832,
        0.9994005282720749
      ],
      "translation": [
        -0.005381034017775722,
        -0.06286285460765939,
        0.027932236836656354
      ],
      "intrinsics": {
        "fx": 578.3818945312499,
        "fy": 578.23921875,
        "cx": 336.980830078125,
        "cy": 215.1156005859375
      }
    },
    {
      "rotation": [
        0.9980674621745641,
        -0.054509117353000236,
        0.02983541637253703,
        0.05486179602654503,
        0.9984318315389283,
        -0.01113190737984758,
        -0.029181911751831657,
        0.012747271844965439,
        0.999492842196659
      ],
      "translation": [
        -0.005844425470434334,
        -0.06060189677549932,
        0.026745108883750035
      ],
      "intrinsics": {
        "fx": 578.3818945312499,
        "fy": 578.23921875,
        "cx": 336.980830078125,
        "cy": 215.1156005859375
      }
    },
    {
      "rotation": [
        0.99856633243423,
        -0.04644990794466569,
        0.026602563058412947,
        0.04668729285684341,
        0.9988744503294147,
        -0.008372589578064216,
        -0.02618372816643481,
        0.009602586589231271,
        0.9996110779406449
      ],
      "translation": [
        -0.006672405013741105,
        -0.057831685417268464,
        0.025639478234540825
      ],
      "intrinsics": {
        "fx": 578.3818945312499,
        "fy": 578.23921875,
        "cx": 336.980830078125,
        "cy": 215.1156005859375
      }
    },
    {
      "rotation": [
        0.9990140077210442,
        -0.03752515773119304,
        0.02372525586364495,
        0.0376358872397759,
        0.9992825487989884,
        -0.004237927038481725,
        -0.023549261053289944,
        0.005126724028712572,
        0.9997095951228235
      ],
      "translation": [
        -0.007958816979711757,
        -0.05467255471945942,
        0.024539696437856362
      ],
      "intrinsics": {
        "fx": 578.3818945312499,
        "fy": 578.23921875,
        "cx": 336.980830078125,
        "cy": 215.1156005859375
      }
    },
    {
      "rotation": [
        0.9994328047444067,
        -0.02619080322773753,
        0.02116800967130801,
        0.026229677144813928,
        0.9996546988144623,
        -0.0015597320554998138,
        -0.021119817831257253,
        0.002114082606720389,
        0.9997747459420613
      ],
      "translation": [
        -0.009873416169009636,
        -0.05136146135014108,
        0.023345604821150667
      ],
      "intrinsics": {
        "fx": 578.3818945312499,
        "fy": 578.23921875,
        "cx": 336.980830078125,
        "cy": 215.1156005859375
      }
    },
    {
      "rotation": [
        0.9997458576612532,
        -0.0121950285859129,
        0.01896505118955579,
        0.012182823927808482,
        0.9999254200859196,
        0.0007599248995287995,
        -0.018972921057474636,
        -0.0005286256267308597,
        0.9998199057976557
      ],
      "translation": [
        -0.01248866523823475,
        -0.047832196801585125,
        0.022104742806748234
      ],
      "intrinsics": {
        "fx": 578.3818945312499,
        "fy": 578.23921875,
        "cx": 336.980830078125,
        "cy": 215.1156005859375
      }
    },
    {
      "rotation": [
        0.9998626654570446,
        0.003760518748052528,
        0.016141890620165307,
        -0.003819591438944176,
        0.9999861343575898,
        0.003629290538492221,
        -0.016128095930593694,
        -0.0036904256983050546,
        0.999863213203878
      ],
      "translation": [
        -0.01575769908060446,
        -0.044084259364642886,
        0.02083541128958366
      ],
      "intrinsics": {
        "fx": 578.3818945312499,
        "fy": 578.23921875,
        "cx": 336.980830078125,
        "cy": 215.1156005859375
      }
    },
    {
      "rotation": [
        0.9997078181543736,
        0.02117966385014031,
        0.011655567433398543,
        -0.021238603239564276,
        0.9997621382843499,
        0.004956489789220281,
        -0.011547842638725624,
        -0.0052025584807438505,
        0.9999197788538212
      ],
      "translation": [
        -0.0194450231369417,
        -0.040311346415115024,
        0.01935600925140335
      ],
      "intrinsics": {
        "fx": 578.3818945312499,
        "fy": 578.23921875,
        "cx": 336.980830078125,
        "cy": 215.1156005859375
      }
    },
    {
      "rotation": [
        0.9992608743381941,
        0.037878955833140784,
        0.0065542888816137465,
        -0.0379024709101765,
        0.9992752857543634,
        0.003502152451543151,
        -0.006416929155152384,
        -0.0037479767522128355,
        0.9999724050169829
      ],
      "translation": [
        -0.0231795558916688,
        -0.03659748857133627,
        0.01745331873418543
      ],
      "intrinsics": {
        "fx": 578.3818945312499,
        "fy": 578.23921875,
        "cx": 336.980830078125,
        "cy": 215.1156005859375
      }
    },
    {
      "rotation": [
        0.9986449984232426,
        0.05199556654595512,
        0.002193309477601346,
        -0.05199691125026794,
        0.9986470481047738,
        0.0005538693412195667,
        -0.0021616189165103643,
        -0.0006671697562251002,
        0.9999974733182942
      ],
      "translation": [
        -0.02663426161186144,
        -0.03291239744389218,
        0.015050183204905254
      ],
      "intrinsics": {
        "fx": 578.3818945312499,
        "fy": 578.23921875,
        "cx": 336.980830078125,
        "cy": 215.1156005859375
      }
    },
    {
      "rotation": [
        0.9979723363763902,
        0.06364545189174484,
        -0.0008158955982235453,
        -0.063648249364752,
        0.9979640462496133,
        -0.004078686758802494,
        0.0005546439598896945,
        0.004122399337050639,
        0.9999914207841334
      ],
      "translation": [
        -0.029586043442786106,
        -0.029355768957573636,
        0.012225653902909084
      ],
      "intrinsics": {
        "fx": 578.3818945312499,
        "fy": 578.23921875,
        "cx": 336.980830078125,
        "cy": 215.1156005859375
      }
    },
    {
      "rotation": [
        0.9973404761811065,
        0.07284237282448718,
        -0.002455557101491186,
        -0.07286576302401156,
        0.9972766138174312,
        -0.011394023115499712,
        0.0016188900455624377,
        0.011542716879826644,
        0.9999321157034953
      ],
      "translation": [
        -0.03204067927426352,
        -0.026061339771804026,
        0.009084387457585219
      ],
      "intrinsics": {
        "fx": 578.3818945312499,
        "fy": 578.23921875,
        "cx": 336.980830078125,
        "cy": 215.1156005859375
      }
    },
    {
      "rotation": [
        0.9968631534421177,
        0.0790962818565391,
        -0.0027645924996044452,
        -0.07913538508873655,
        0.9966712342255872,
        -0.019594429755310797,
        0.0012055422909270253,
        0.01975178226570924,
        0.9998041855958928
      ],
      "translation": [
        -0.03407543258554996,
        -0.022977401025896516,
        0.005750083365745784
      ],
      "intrinsics": {
        "fx": 578.3818945312499,
        "fy": 578.23921875,
        "cx": 336.980830078125,
        "cy": 215.1156005859375
      }
    },
    {
      "rotation": [
        0.996577299590949,
        0.08264420685344437,
        -0.0019451690294423618,
        -0.08266652704287913,
        0.9962096780077627,
        -0.02706167391167041,
        -0.0002986812742063637,
        0.027129831326901915,
        0.9996318871549593
      ],
      "translation": [
        -0.03573125758111081,
        -0.020079007820087647,
        0.0024942153088063357
      ],
      "intrinsics": {
        "fx": 578.3818945312499,
        "fy": 578.23921875,
        "cx": 336.980830078125,
        "cy": 215.1156005859375
      }
    },
    {
      "rotation": [
        0.9964103850113685,
        0.08464939304277388,
        -0.000956665517725302,
        -0.08463411363623717,
        0.9958536566032292,
        -0.03335397610780297,
        -0.0018707147531004961,
        0.033315201394856574,
        0.9994431437196162
      ],
      "translation": [
        -0.03712656215505876,
        -0.017412731239044188,
        -0.00042933113591892
      ],
      "intrinsics": {
        "fx": 578.3818945312499,
        "fy": 578.23921875,
        "cx": 336.980830078125,
        "cy": 215.1156005859375
      }
    },
    {
      "rotation": [
        0.996336521098064,
        0.08551940439848715,
        -0.00011048579144158205,
        -0.08546226942192436,
        0.9956216411023882,
        -0.0378660710446972,
        -0.0031283539724976488,
        0.03773676297192295,
        0.9992828969653822
      ],
      "translation": [
        -0.03834949170739484,
        -0.01494423722949445,
        -0.002882487566671754
      ],
      "intrinsics": {
        "fx": 578.3818945312499,
        "fy": 578.23921875,
        "cx": 336.980830078125,
        "cy": 215.1156005859375
      }
    },
    {
      "rotation": [
        0.9963229827896607,
        0.08567679989005794,
        0.00031192225930323645,
        -0.08559237009049232,
        0.9954902455922773,
        -0.0409014733533678,
        -0.003814802851991992,
        0.040724422548974515,
        0.9991632191072373
      ],
      "translation": [
        -0.0394724224097056,
        -0.012703367448131275,
        -0.004831155838199708
      ],
      "intrinsics": {
        "fx": 578.3818945312499,
        "fy": 578.23921875,
        "cx": 336.980830078125,
        "cy": 215.1156005859375
      }
    },
    {
      "rotation": [
        0.9963498158002202,
        0.08536443211740144,
        8.187884027951375e-05,
        -0.0852843497094221,
        0.9954556103564051,
        -0.04236418093627358,
        -0.003697919096127844,
        0.04220257753948796,
        0.9991023005928416
      ],
      "translation": [
        -0.04052168302990646,
        -0.01066772225162993,
        -0.00632491754989295
      ],
      "intrinsics": {
        "fx": 578.3818945312499,
        "fy": 578.23921875,
        "cx": 336.980830078125,
        "cy": 215.1156005859375
      }
    },
    {
      "rotation": [
        0.9964588976477571,
        0.08408208392023148,
        -0.00036771318914070774,
        -0.08402237032762232,
        0.995566074133584,
        -0.04228808076362509,
        -0.003189646069459078,
        0.04216925650970347,
        0.9991054763387368
      ],
      "translation": [
        -0.04144017745699006,
        -0.008762037217577068,
        -0.0075059500006722235
      ],
      "intrinsics": {
        "fx": 578.3818945312499,
        "fy": 578.23921875,
        "cx": 336.980830078125,
        "cy": 215.1156005859375
      }
    },
    {
      "rotation": [
        0.9966505479834566,
        0.08177633991632018,
        -0.0006382436325499747,
        -0.08172916951465045,
        0.9957428740645073,
        -0.04262034446847824,
        -0.002849902321040133,
        0.04252979777804585,
        0.9990912239811648
      ],
      "translation": [
        -0.042226883162980275,
        -0.007050653697521558,
        -0.008580003269598624
      ],
      "intrinsics": {
        "fx": 578.3818945312499,
        "fy": 578.23921875,
        "cx": 336.980830078125,
        "cy": 215.1156005859375
      }
    },
    {
      "rotation": [
        0.9969075630616581,
        0.07858256808858917,
        -0.00040537935048214497,
        -0.07852479590900145,
        0.995948456874692,
        -0.04382401388089038,
        -0.003040125729721629,
        0.0437202935333369,
        0.9990391939616424
      ],
      "translation": [
        -0.04293055696704387,
        -0.005519521499120605,
        -0.009636369096442943
      ],
      "intrinsics": {
        "fx": 578.3818945312499,
        "fy": 578.23921875,
        "cx": 336.980830078125,
        "cy": 215.1156005859375
      }
    },
    {
      "rotation": [
        0.9971685257128047,
        0.07519901649522087,
        -7.10111512507513e-05,
        -0.07512848510847356,
        0.9961913661258041,
        -0.044253370150441534,
        -0.003257092517713222,
        0.04413343038099662,
        0.999020400222517
      ],
      "translation": [
        -0.043654878609657055,
        -0.004022244925436458,
        -0.010596367222542868
      ],
      "intrinsics": {
        "fx": 578.3818945312499,
        "fy": 578.23921875,
        "cx": 336.980830078125,
        "cy": 215.1156005859375
      }
    },
    {
      "rotation": [
        0.9973226579526854,
        0.07312701227616124,
        -0.00028448560616565794,
        -0.07306965853677547,
        0.9963704365730087,
        -0.04366668360859282,
        -0.002909799727780335,
        0.043570569597939514,
        0.9990461777147349
      ],
      "translation": [
        -0.044503715897922805,
        -0.0025476877291937816,
        -0.011333006709831395
      ],
      "intrinsics": {
        "fx": 578.3818945312499,
        "fy": 578.23921875,
        "cx": 336.980830078125,
        "cy": 215.1156005859375
      }
    },
    {
      "rotation": [
        0.9973529708799899,
        0.07270640579947692,
        -0.0008756490303860942,
        -0.07267868382874157,
        0.9964654929043195,
        -0.042122715288410696,
        -0.0021900936721924377,
        0.04207485567052969,
        0.999112162465237
      ],
      "translation": [
        -0.045509025731122685,
        -0.0010752820890990167,
        -0.01180553346102875
      ],
      "intrinsics": {
        "fx": 578.3818945312499,
        "fy": 578.23921875,
        "cx": 336.980830078125,
        "cy": 215.1156005859375
      }
    },
    {
      "rotation": [
        0.9973684158787204,
        0.07248893623807057,
        -0.0012926766117500905,
        -0.07248248196540638,
        0.9965657085457,
        -0.040039030610719346,
        -0.0016142252052652134,
        0.04002736483509371,
        0.9991973558874253
      ],
      "translation": [
        -0.04667508188419921,
        0.00044928043743841517,
        -0.012156904290226755
      ],
      "intrinsics": {
        "fx": 578.3818945312499,
        "fy": 578.23921875,
        "cx": 336.980830078125,
        "cy": 215.1156005859375
      }
    },
    {
      "rotation": [
        0.9973713470850193,
        0.07245878944820508,
        -0.0005324081771609417,
        -0.07242434841072748,
        0.9966104757261675,
        -0.039016048431824796,
        -0.0022964804976004583,
        0.03895206760865839,
        0.9992384683243575
      ],
      "translation": [
        -0.04796265691017574,
        0.0019874269223013608,
        -0.01266754139730697
      ],
      "intrinsics": {
        "fx": 578.3818945312499,
        "fy": 578.23921875,
        "cx": 336.980830078125,
        "cy": 215.1156005859375
      }
    },
    {
      "rotation": [
        0.9973230122804277,
        0.07310843251843692,
        0.0014457320989142996,
        -0.07299467269521356,
        0.9965513089099486,
        -0.03946110173587183,
        -0.004325734212751946,
        0.039249969315408376,
        0.9992200785439199
      ],
      "translation": [
        -0.04940530289409148,
        0.003521443074655517,
        -0.01347787972164971
      ],
      "intrinsics": {
        "fx": 578.3818945312499,
        "fy": 578.23921875,
        "cx": 336.980830078125,
        "cy": 215.1156005859375
      }
    },
    {
      "rotation": [
        0.9972658302403978,
        0.07376615708114216,
        0.004401932799089905,
        -0.07352329283943479,
        0.9964415674299558,
        -0.0412119754824282,
        -0.007426385984550729,
        0.040775679271109005,
        0.9991407848121892
      ],
      "translation": [
        -0.05103645401165445,
        0.004974701742053278,
        -0.014455599998749236
      ],
      "intrinsics": {
        "fx": 578.3818945312499,
        "fy": 578.23921875,
        "cx": 336.980830078125,
        "cy": 215.1156005859375
      }
    },
    {
      "rotation": [
        0.9972254906889072,
        0.07397636236438344,
        0.008302465417024696,
        -0.07355285258777099,
        0.9963578860045098,
        -0.043136493078913124,
        -0.01146329109962199,
        0.04240613573759004,
        0.9990347517761121
      ],
      "translation": [
        -0.052869007280732544,
        0.006340775297198675,
        -0.015369220344951806
      ],
      "intrinsics": {
        "fx": 578.3818945312499,
        "fy": 578.23921875,
        "cx": 336.980830078125,
        "cy": 215.1156005859375
      }
    },
    {
      "rotation": [
        0.997120623458139,
        0.074714470016754,
        0.012979372822930966,
        -0.07407966092326927,
        0.9962834146258805,
        -0.04394735467424254,
        -0.016214646028357618,
        0.042859347321836945,
        0.9989495300574396
      ],
      "translation": [
        -0.05494475608674239,
        0.007695183223066837,
        -0.016067485236437085
      ],
      "intrinsics": {
        "fx": 578.3818945312499,
        "fy": 578.23921875,
        "cx": 336.980830078125,
        "cy": 215.1156005859375
      }
    },
    {
      "rotation": [
        0.9968718938792243,
        0.0769755721437306,
        0.017923844266797252,
        -0.07613812048128585,
        0.9961490695889362,
        -0.043473750382370266,
        -0.021201295890968825,
        0.04197313038410905,
        0.9988938000182649
      ],
      "translation": [
        -0.05720007527279102,
        0.00907491815384276,
        -0.016538965173543696
      ],
      "intrinsics": {
        "fx": 578.3818945312499,
        "fy": 578.23921875,
        "cx": 336.980830078125,
        "cy": 215.1156005859375
      }
    },
    {
      "rotation": [
        0.9965580502490722,
        0.07992453059575955,
        0.022005075629859976,
        -0.07895218203264139,
        0.9959937572530965,
        -0.04198682676185389,
        -0.02527273017324498,
        0.040105018979427566,
        0.9988758414041898
      ],
      "translation": [
        -0.05948802779926102,
        0.010506832771780106,
        -0.016899374184967897
      ],
      "intrinsics": {
        "fx": 578.3818945312499,
        "fy": 578.23921875,
        "cx": 336.980830078125,
        "cy": 215.1156005859375
      }
    },
    {
      "rotation": [
        0.9962633021708195,
        0.0827574789802462,
        0.02471581179320506,
        -0.0817152351335588,
        0.9958300043249473,
        -0.040560356946057814,
        -0.027969450269382023,
        0.038389163578095464,
        0.9988714399916258
      ],
      "translation": [
        -0.061666207034788464,
        0.011940077611123256,
        -0.01731447121183516
      ],
      "intrinsics": {
        "fx": 578.3818945312499,
        "fy": 578.23921875,
        "cx": 336.980830078125,
        "cy": 215.1156005859375
      }
    },
    {
      "rotation": [
        0.9959379937218201,
        0.08617103568536091,
        0.026116800888822664,
        -0.08505783726997397,
        0.9955279935369403,
        -0.04109838639792854,
        -0.029541551530283722,
        0.03871002848994511,
        0.9988137276476675
      ],
      "translation": [
        -0.06368482249300664,
        0.013212376458314079,
        -0.017803984033202713
      ],
      "intrinsics": {
        "fx": 578.3818945312499,
        "fy": 578.23921875,
        "cx": 336.980830078125,
        "cy": 215.1156005859375
      }
    },
    {
      "rotation": [
        0.9956064175023864,
        0.08957765637151058,
        0.0272700091771,
        -0.08838773291509303,
        0.9951962326200794,
        -0.04209531157633895,
        -0.03090982839782587,
        0.03950002864434148,
        0.9987413583500389
      ],
      "translation": [
        -0.06554657156298227,
        0.014410448193218017,
        -0.018293518656483432
      ],
      "intrinsics": {
        "fx": 578.3818945312499,
        "fy": 578.23921875,
        "cx": 336.980830078125,
        "cy": 215.1156005859375
      }
    },
    {
      "rotation": [
        0.9952755298089441,
        0.09248380083220585,
        0.02955441228523387,
        -0.09118687026254377,
        0.9949233494873128,
        -0.04257329956782973,
        -0.033341734871774456,
        0.03967719898629603,
        0.9986561466933733
      ],
      "translation": [
        -0.06728255907416174,
        0.015599263356534276,
        -0.0187816932991709
      ],
      "intrinsics": {
        "fx": 578.3818945312499,
        "fy": 578.23921875,
        "cx": 336.980830078125,
        "cy": 215.1156005859375
      }
    },
    {
      "rotation": [
        0.994833716509165,
        0.09614539322501317,
        0.03258805934895468,
        -0.09467948010789565,
        0.9945400364505101,
        -0.0438841716126379,
        -0.03662942557020748,
        0.04057207407876331,
        0.9985050056675737
      ],
      "translation": [
        -0.06907432030374802,
        0.01672428171482765,
        -0.01932825853033604
      ],
      "intrinsics": {
        "fx": 578.3818945312499,
        "fy": 578.23921875,
        "cx": 336.980830078125,
        "cy": 215.1156005859375
      }
    },
    {
      "rotation": [
        0.9942367383124,
        0.10156677825353817,
        0.03431550879652057,
        -0.09994320577925596,
        0.9939239593463973,
        -0.04611391352286047,
        -0.03879068374300139,
        0.042418532534739345,
        0.9983466571732914
      ],
      "translation": [
        -0.07125534772985245,
        0.017812992289245155,
        -0.019965298327960124
      ],
      "intrinsics": {
        "fx": 578.3818945312499,
        "fy": 578.23921875,
        "cx": 336.980830078125,
        "cy": 215.1156005859375
      }
    },
    {
      "rotation": [
        0.9933974447314476,
        0.10952430894545827,
        0.034145627713542376,
        -0.10781109812945697,
        0.9929864823633551,
        -0.04852449263797715,
        -0.03922077512744328,
        0.0445228130722722,
        0.9982382281100225
      ],
      "translation": [
        -0.0740327426887011,
        0.018907909287610103,
        -0.02061141669163491
      ],
      "intrinsics": {
        "fx": 578.3818945312499,
        "fy": 578.23921875,
        "cx": 336.980830078125,
        "cy": 215.1156005859375
      }
    },
    {
      "rotation": [
        0.9920669965083656,
        0.12109764127205332,
        0.03374168665880422,
        -0.11933917323595104,
        0.9915935735274167,
        -0.05000279669006012,
        -0.039513288627855324,
        0.04557946619046282,
        0.9981790138946413
      ],
      "translation": [
        -0.07740058284669461,
        0.02008735997017974,
        -0.02110141713485003
      ],
      "intrinsics": {
        "fx": 578.3818945312499,
        "fy": 578.23921875,
        "cx": 336.980830078125,
        "cy": 215.1156005859375
      }
    },
    {
      "rotation": [
        0.9900744382222998,
        0.13621459080855253,
        0.03461387814064898,
        -0.13439356241789105,
        0.9896454772114159,
        -0.05039979402530043,
        -0.041120683639923314,
        0.04524768508651445,
        0.9981291545723797
      ],
      "translation": [
        -0.08142735548523387,
        0.02138020805877172,
        -0.021349445186323646
      ],
      "intrinsics": {
        "fx": 578.3818945312499,
        "fy": 578.23921875,
        "cx": 336.980830078125,
        "cy": 215.1156005859375
      }
    },
    {
      "rotation": [
        0.9872937731516409,
        0.1547403993877295,
        0.036144338243090546,
        -0.1528556642597218,
        0.9869765327637624,
        -0.050123907703897894,
        -0.04342982243898581,
        0.04396213060791586,
        0.9980887794046722
      ],
      "translation": [
        -0.08627187090650863,
        0.022841249003084152,
        -0.02142400160169622
      ],
      "intrinsics": {
        "fx": 578.3818945312499,
        "fy": 578.23921875,
        "cx": 336.980830078125,
        "cy": 215.1156005859375
      }
    },
    {
      "rotation": [
        0.9837208305951678,
        0.17575649589322365,
        0.03745762098755905,
        -0.1738670394234432,
        0.9835566259307219,
        -0.048851610844049626,
        -0.045427707022999204,
        0.04154375793756209,
        0.9981034702915664
      ],
      "translation": [
        -0.09183249248627681,
        0.024616313764583064,
        -0.021450445484573866
      ],
      "intrinsics": {
        "fx": 578.3818945312499,
        "fy": 578.23921875,
        "cx": 336.980830078125,
        "cy": 215.1156005859375
      }
    },
    {
      "rotation": [
        0.9794822110015147,
        0.19802032049521898,
        0.037450068443029755,
        -0.19622263316949487,
        0.9794416817354685,
        -0.046804258010298895,
        -0.04594841578750942,
        0.03849543759199534,
        0.9982018603254835
      ],
      "translation": [
        -0.09786003988425526,
        0.026716366597682728,
        -0.021511752488571956
      ],
      "intrinsics": {
        "fx": 578.3818945312499,
        "fy": 578.23921875,
        "cx": 336.980830078125,
        "cy": 215.1156005859375
      }
    },
    {
      "rotation": [
        0.9748041699740831,
        0.22025019708763996,
        0.03530966222509363,
        -0.21862148445243387,
        0.9747799933846985,
        -0.0448150691694835,
        -0.04428972631060041,
        0.035966547823836965,
        0.9983711178289799
      ],
      "translation": [
        -0.10411487441804942,
        0.029075236761418655,
        -0.021596054392285957
      ],
      "intrinsics": {
        "fx": 578.3818945312499,
        "fy": 578.23921875,
        "cx": 336.980830078125,
        "cy": 215.1156005859375
      }
    },
    {
      "rotation": [
        0.9700776120456587,
        0.24059838463479236,
        0.03258732020275682,
        -0.23913641512207187,
        0.9700268557797493,
        -0.043145651551808196,
        -0.04199139596179747,
        0.03406184265078539,
        0.9985372385882477
      ],
      "translation": [
        -0.11021890616623452,
        0.031623089522782366,
        -0.021696129697613253
      ],
      "intrinsics": {
        "fx": 578.3818945312499,
        "fy": 578.23921875,
        "cx": 336.980830078125,
        "cy": 215.1156005859375
      }
    },
    {
      "rotation": [
        0.9655642517917342,
        0.25825725751882156,
        0.03144550719599122,
        -0.2568807223060882,
        0.9655305164389942,
        -0.041990461764823975,
        -0.0412059996413517,
        0.03246675406208435,
        0.998623132894466
      ],
      "translation": [
        -0.11574391119751619,
        0.03418332604192098,
        -0.021783290128799537
      ],
      "intrinsics": {
        "fx": 578.3818945312499,
        "fy": 578.23921875,
        "cx": 336.980830078125,
        "cy": 215.1156005859375
      }
    },
    {
      "rotation": [
        0.9617386567657434,
        0.2720051110918603,
        0.03274229939091169,
        -0.2706418101755093,
        0.9618188267547261,
        -0.040711367040706416,
        -0.04256589060242795,
        0.03029232575879863,
        0.9986343970187048
      ],
      "translation": [
        -0.12041500048382867,
        0.03662036627110321,
        -0.021760483526900964
      ],
